000000,1,937.6086956521739,266.3414634146342,0.8540061712265015
000000,2,834.3478260869565,368.7804878048781,0.9005062580108643
000000,3,735.2173913043478,401.5609756097561,0.8164626955986023
000000,4,735.2173913043478,602.3414634146342,0.8696227073669434
000000,5,768.2608695652174,766.2439024390244,0.7627003788948059
000000,6,933.4782608695651,336.0,0.7294299006462097
000000,7,970.6521739130434,467.1219512195122,0.7390863299369812
000000,8,1036.7391304347825,602.3414634146342,0.8484708666801453
000000,9,867.391304347826,667.9024390243902,0.7080518007278442
000000,10,904.5652173913043,868.6829268292684,0.7509554624557495
000000,11,904.5652173913043,1036.6829268292684,0.8234061598777771
000000,12,970.6521739130434,635.1219512195122,0.705812931060791
000000,13,966.5217391304348,803.1219512195122,0.7543221712112427
000000,14,966.5217391304348,934.2439024390244,0.7794279456138611
000000,15,933.4782608695651,233.5609756097561,0.898215651512146
000000,17,838.4782608695651,266.3414634146342,0.8307029604911804
000001,1,937.6086956521739,266.3414634146342,0.8479751348495483
000001,2,834.3478260869565,368.7804878048781,0.8882728815078735
000001,3,735.2173913043478,401.5609756097561,0.8191251754760742
000001,4,735.2173913043478,602.3414634146342,0.8673185110092163
000001,5,768.2608695652174,766.2439024390244,0.7804030776023865
000001,6,933.4782608695651,336.0,0.7144990563392639
000001,7,970.6521739130434,467.1219512195122,0.7309128642082214
000001,8,1036.7391304347825,602.3414634146342,0.8360657691955566
000001,9,867.391304347826,667.9024390243902,0.7164183855056763
000001,10,904.5652173913043,868.6829268292684,0.7549442648887634
000001,11,904.5652173913043,1036.6829268292684,0.8320644497871399
000001,12,970.6521739130434,635.1219512195122,0.7104810476303101
000001,13,966.5217391304348,803.1219512195122,0.7594811916351318
000001,14,966.5217391304348,934.2439024390244,0.7764629125595093
000001,15,933.4782608695651,233.5609756097561,0.9130914211273193
000001,17,838.4782608695651,266.3414634146342,0.7775734066963196
000002,1,937.6086956521739,266.3414634146342,0.8189853429794312
000002,2,834.3478260869565,368.7804878048781,0.8864855766296387
000002,3,735.2173913043478,401.5609756097561,0.7881797552108765
000002,4,735.2173913043478,602.3414634146342,0.8451678156852722
000002,5,768.2608695652174,766.2439024390244,0.8181905150413513
000002,6,933.4782608695651,336.0,0.7394137978553772
000002,7,970.6521739130434,467.1219512195122,0.7536448836326599
000002,8,1036.7391304347825,602.3414634146342,0.8321685194969177
000002,9,867.391304347826,667.9024390243902,0.7219007015228271
000002,10,904.5652173913043,868.6829268292684,0.7510952353477478
000002,11,904.5652173913043,1036.6829268292684,0.826782763004303
000002,12,970.6521739130434,635.1219512195122,0.7128793001174927
000002,13,966.5217391304348,803.1219512195122,0.7906267642974854
000002,14,966.5217391304348,934.2439024390244,0.7776646614074707
000002,15,933.4782608695651,233.5609756097561,0.9429753422737122
000002,17,867.391304347826,237.65853658536585,0.74708491563797
000003,1,966.5217391304348,266.3414634146342,0.8011182546615601
000003,2,834.3478260869565,368.7804878048781,0.8718696236610413
000003,3,735.2173913043478,401.5609756097561,0.7290258407592773
000003,4,735.2173913043478,602.3414634146342,0.7961632609367371
000003,5,768.2608695652174,766.2439024390244,0.882434606552124
000003,6,933.4782608695651,336.0,0.7339596748352051
000003,7,970.6521739130434,467.1219512195122,0.757343053817749
000003,8,1036.7391304347825,602.3414634146342,0.8347988128662109
000003,9,867.391304347826,667.9024390243902,0.7155678868293762
000003,10,904.5652173913043,868.6829268292684,0.7593328356742859
000003,11,904.5652173913043,1036.6829268292684,0.8281221985816956
000003,12,970.6521739130434,635.1219512195122,0.7143972516059875
000003,13,966.5217391304348,803.1219512195122,0.7690556049346924
000003,14,966.5217391304348,934.2439024390244,0.7679902911186218
000003,15,933.4782608695651,233.5609756097561,0.9687992334365845
000003,17,867.391304347826,233.5609756097561,0.8022202253341675
000004,1,966.5217391304348,266.3414634146342,0.7792678475379944
000004,2,834.3478260869565,368.7804878048781,0.8605841994285583
000004,3,735.2173913043478,401.5609756097561,0.7044334411621094
000004,4,731.0869565217391,602.3414634146342,0.7253981232643127
000004,5,735.2173913043478,766.2439024390244,0.7651008367538452
000004,6,933.4782608695651,336.0,0.7857017517089844
000004,7,999.5652173913043,467.1219512195122,0.7379180788993835
000004,8,1036.7391304347825,602.3414634146342,0.8394811749458313
000004,9,867.391304347826,667.9024390243902,0.7221105098724365
000004,10,904.5652173913043,868.6829268292684,0.7408114671707153
000004,11,904.5652173913043,1036.6829268292684,0.8261665105819702
000004,12,970.6521739130434,635.1219512195122,0.7309000492095947
000004,13,966.5217391304348,803.1219512195122,0.8029269576072693
000004,14,966.5217391304348,934.2439024390244,0.7644097208976746
000004,15,933.4782608695651,233.5609756097561,0.9610888957977295
000004,17,867.391304347826,233.5609756097561,0.8451871275901794
000005,1,966.5217391304348,237.65853658536585,0.7248713374137878
000005,2,834.3478260869565,368.7804878048781,0.8230223655700684
000005,3,768.2608695652174,401.5609756097561,0.6999697685241699
000005,4,702.1739130434783,602.3414634146342,0.8322295546531677
000005,5,731.0869565217391,770.3414634146342,0.7963303923606873
000005,6,933.4782608695651,331.9024390243903,0.7908002138137817
000005,7,999.5652173913043,467.1219512195122,0.7636957764625549
000005,8,1036.7391304347825,602.3414634146342,0.8537187576293945
000005,9,867.391304347826,667.9024390243902,0.74402916431427
000005,10,904.5652173913043,868.6829268292684,0.7320526838302612
000005,11,904.5652173913043,1036.6829268292684,0.8309751152992249
000005,12,970.6521739130434,635.1219512195122,0.7379674911499023
000005,13,966.5217391304348,803.1219512195122,0.7911834120750427
000005,14,966.5217391304348,934.2439024390244,0.7670052647590637
000005,15,933.4782608695651,233.5609756097561,0.9444929957389832
000005,17,867.391304347826,233.5609756097561,0.8614181280136108
000006,1,966.5217391304348,237.65853658536585,0.7656752467155457
000006,2,838.4782608695651,364.6829268292683,0.7511734962463379
000006,3,768.2608695652174,397.4634146341464,0.6868900060653687
000006,4,698.0434782608695,569.5609756097562,0.7276737689971924
000006,5,669.1304347826086,770.3414634146342,0.7871977090835571
000006,6,933.4782608695651,331.9024390243903,0.7614335417747498
000006,7,999.5652173913043,467.1219512195122,0.7704370021820068
000006,8,1036.7391304347825,602.3414634146342,0.8607024550437927
000006,9,867.391304347826,667.9024390243902,0.7491301894187927
000006,10,904.5652173913043,868.6829268292684,0.7883720397949219
000006,11,904.5652173913043,1036.6829268292684,0.8380747437477112
000006,12,970.6521739130434,635.1219512195122,0.7326961755752563
000006,13,966.5217391304348,803.1219512195122,0.7834354043006897
000006,14,966.5217391304348,934.2439024390244,0.7714075446128845
000006,15,933.4782608695651,233.5609756097561,0.952727198600769
000006,17,867.391304347826,233.5609756097561,0.886827826499939
000007,1,966.5217391304348,237.65853658536585,0.7697698473930359
000007,2,838.4782608695651,364.6829268292683,0.7135834097862244
000007,3,768.2608695652174,397.4634146341464,0.6755442023277283
000007,4,669.1304347826086,569.5609756097562,0.8089119791984558
000007,5,636.0869565217391,770.3414634146342,0.8643487691879272
000007,6,937.6086956521739,331.9024390243903,0.7386389374732971
000007,7,999.5652173913043,467.1219512195122,0.7878732681274414
000007,8,1036.7391304347825,602.3414634146342,0.8771714568138123
000007,9,867.391304347826,667.9024390243902,0.7445588707923889
000007,10,904.5652173913043,868.6829268292684,0.7862289547920227
000007,11,904.5652173913043,1036.6829268292684,0.8298885822296143
000007,12,970.6521739130434,635.1219512195122,0.7220774292945862
000007,13,966.5217391304348,803.1219512195122,0.7792702913284302
000007,14,966.5217391304348,934.2439024390244,0.7685572504997253
000007,15,933.4782608695651,233.5609756097561,0.9369911551475525
000007,17,867.391304347826,233.5609756097561,0.9040038585662842
000008,1,966.5217391304348,233.5609756097561,0.8228293657302856
000008,2,867.391304347826,336.0,0.7325015664100647
000008,3,768.2608695652174,368.7804878048781,0.7690023183822632
000008,4,665.0,536.780487804878,0.6710015535354614
000008,5,570.0,737.5609756097562,0.738592803478241
000008,6,937.6086956521739,331.9024390243903,0.7216212153434753
000008,7,1003.695652173913,467.1219512195122,0.7553436756134033
000008,8,1036.7391304347825,602.3414634146342,0.8641306161880493
000008,9,867.391304347826,667.9024390243902,0.7522968053817749
000008,10,904.5652173913043,868.6829268292684,0.7754687070846558
000008,11,904.5652173913043,1036.6829268292684,0.8273259997367859
000008,12,970.6521739130434,635.1219512195122,0.7248517274856567
000008,13,966.5217391304348,803.1219512195122,0.7419891357421875
000008,14,966.5217391304348,934.2439024390244,0.7530235052108765
000008,15,937.6086956521739,233.5609756097561,0.9135006666183472
000008,17,867.391304347826,233.5609756097561,0.9219433069229126
000009,1,966.5217391304348,233.5609756097561,0.840003252029419
000009,2,867.391304347826,336.0,0.8119832277297974
000009,3,768.2608695652174,368.7804878048781,0.7803351879119873
000009,4,636.0869565217391,532.6829268292684,0.7199910879135132
000009,5,536.9565217391304,667.9024390243902,0.768514096736908
000009,6,937.6086956521739,331.9024390243903,0.6398635506629944
000009,7,1003.695652173913,467.1219512195122,0.7808758020401001
000009,8,1036.7391304347825,602.3414634146342,0.8565359711647034
000009,9,867.391304347826,667.9024390243902,0.7495068311691284
000009,10,904.5652173913043,868.6829268292684,0.781592607498169
000009,11,904.5652173913043,1036.6829268292684,0.829314649105072
000009,12,970.6521739130434,635.1219512195122,0.7245363593101501
000009,13,966.5217391304348,803.1219512195122,0.7389451861381531
000009,14,966.5217391304348,934.2439024390244,0.7416942119598389
000009,15,937.6086956521739,233.5609756097561,0.8953404426574707
000009,17,867.391304347826,233.5609756097561,0.9286327362060547
000010,1,966.5217391304348,233.5609756097561,0.846399188041687
000010,2,867.391304347826,336.0,0.7978069186210632
000010,3,768.2608695652174,368.7804878048781,0.7684391736984253
000010,4,636.0869565217391,499.9024390243903,0.6505520343780518
000010,5,503.9130434782608,602.3414634146342,0.8010607361793518
000010,6,966.5217391304348,331.9024390243903,0.6531247496604919
000010,7,1003.695652173913,467.1219512195122,0.783149778842926
000010,8,1036.7391304347825,602.3414634146342,0.7906139492988586
000010,9,867.391304347826,667.9024390243902,0.7519418597221375
000010,10,904.5652173913043,868.6829268292684,0.7923288345336914
000010,11,904.5652173913043,1036.6829268292684,0.837691605091095
000010,12,970.6521739130434,635.1219512195122,0.7254035472869873
000010,13,966.5217391304348,803.1219512195122,0.7610208988189697
000010,14,966.5217391304348,934.2439024390244,0.7507935762405396
000010,15,937.6086956521739,233.5609756097561,0.8727495074272156
000010,17,867.391304347826,233.5609756097561,0.939302921295166
000011,1,966.5217391304348,237.65853658536585,0.8228161334991455
000011,2,867.391304347826,336.0,0.7869083285331726
000011,3,768.2608695652174,368.7804878048781,0.7589273452758789
000011,4,636.0869565217391,467.1219512195122,0.7324333190917969
000011,5,499.78260869565213,532.6829268292684,0.786732017993927
000011,6,966.5217391304348,331.9024390243903,0.647042453289032
000011,7,1003.695652173913,467.1219512195122,0.7698690891265869
000011,8,1065.6521739130435,602.3414634146342,0.8342000842094421
000011,9,867.391304347826,667.9024390243902,0.744462251663208
000011,10,904.5652173913043,868.6829268292684,0.7697550654411316
000011,11,904.5652173913043,1036.6829268292684,0.8340671062469482
000011,12,970.6521739130434,635.1219512195122,0.7250568866729736
000011,13,966.5217391304348,803.1219512195122,0.7559962272644043
000011,14,966.5217391304348,934.2439024390244,0.7520878911018372
000011,15,937.6086956521739,233.5609756097561,0.8650707602500916
000011,17,867.391304347826,233.5609756097561,0.9390367269515991
000012,1,966.5217391304348,266.3414634146342,0.8119663000106812
000012,2,867.391304347826,336.0,0.7923159599304199
000012,3,768.2608695652174,368.7804878048781,0.7644683718681335
000012,4,631.9565217391304,434.3414634146342,0.7640516757965088
000012,5,499.78260869565213,467.1219512195122,0.7652787566184998
000012,6,966.5217391304348,331.9024390243903,0.7047189474105835
000012,7,1003.695652173913,467.1219512195122,0.756852924823761
000012,8,1069.782608695652,602.3414634146342,0.8695182800292969
000012,9,867.391304347826,667.9024390243902,0.7444404363632202
000012,10,904.5652173913043,868.6829268292684,0.7729008197784424
000012,11,904.5652173913043,1036.6829268292684,0.8287310004234314
000012,12,970.6521739130434,635.1219512195122,0.732321560382843
000012,13,966.5217391304348,803.1219512195122,0.784783661365509
000012,14,966.5217391304348,934.2439024390244,0.760120689868927
000012,15,937.6086956521739,233.5609756097561,0.876215398311615
000012,17,867.391304347826,233.5609756097561,0.9312267899513245
000013,1,966.5217391304348,237.65853658536585,0.8167353272438049
000013,2,867.391304347826,336.0,0.7937338948249817
000013,3,768.2608695652174,368.7804878048781,0.7159034609794617
000013,4,598.9130434782609,401.5609756097561,0.7603919506072998
000013,5,470.86956521739125,397.4634146341464,0.7189218997955322
000013,6,966.5217391304348,331.9024390243903,0.6953420042991638
000013,7,1003.695652173913,467.1219512195122,0.724197506904602
000013,8,1069.782608695652,602.3414634146342,0.8847388625144958
000013,9,867.391304347826,667.9024390243902,0.7311064004898071
000013,10,904.5652173913043,868.6829268292684,0.7747969627380371
000013,11,904.5652173913043,1036.6829268292684,0.8301902413368225
000013,12,970.6521739130434,635.1219512195122,0.7367894649505615
000013,13,966.5217391304348,803.1219512195122,0.7824835777282715
000013,14,966.5217391304348,934.2439024390244,0.7644741535186768
000013,15,937.6086956521739,233.5609756097561,0.887141227722168
000013,17,867.391304347826,233.5609756097561,0.9391031265258789
000014,1,966.5217391304348,237.65853658536585,0.8195440769195557
000014,2,867.391304347826,336.0,0.7948236465454102
000014,3,735.2173913043478,368.7804878048781,0.6962727308273315
000014,4,598.9130434782609,401.5609756097561,0.8031715154647827
000014,5,470.86956521739125,331.9024390243903,0.8064250946044922
000014,6,966.5217391304348,331.9024390243903,0.6850001811981201
000014,7,1003.695652173913,467.1219512195122,0.7364711761474609
000014,8,1069.782608695652,602.3414634146342,0.8970292806625366
000014,9,867.391304347826,667.9024390243902,0.7292383313179016
000014,10,904.5652173913043,868.6829268292684,0.7706282138824463
000014,11,904.5652173913043,1036.6829268292684,0.825960099697113
000014,12,970.6521739130434,635.1219512195122,0.7293173670768738
000014,13,966.5217391304348,803.1219512195122,0.7644954323768616
000014,14,966.5217391304348,934.2439024390244,0.7520739436149597
000014,15,937.6086956521739,233.5609756097561,0.8826526999473572
000014,17,867.391304347826,233.5609756097561,0.9399345517158508
000015,1,966.5217391304348,237.65853658536585,0.839020311832428
000015,2,867.391304347826,336.0,0.8113445043563843
000015,3,735.2173913043478,364.6829268292683,0.6795563101768494
000015,4,598.9130434782609,368.7804878048781,0.8234558701515198
000015,5,499.78260869565213,270.4390243902439,0.7112913131713867
000015,6,966.5217391304348,331.9024390243903,0.6871004700660706
000015,7,1003.695652173913,467.1219512195122,0.7571941614151001
000015,8,1069.782608695652,602.3414634146342,0.8955584168434143
000015,9,867.391304347826,667.9024390243902,0.7423291206359863
000015,10,904.5652173913043,868.6829268292684,0.7699697613716125
000015,11,904.5652173913043,1036.6829268292684,0.8261104226112366
000015,12,970.6521739130434,635.1219512195122,0.7383833527565002
000015,13,966.5217391304348,803.1219512195122,0.7456775903701782
000015,14,966.5217391304348,934.2439024390244,0.7571625113487244
000015,15,937.6086956521739,233.5609756097561,0.8828599452972412
000015,17,867.391304347826,233.5609756097561,0.9456180930137634
000016,1,970.6521739130434,237.65853658536585,0.8410649299621582
000016,2,867.391304347826,336.0,0.7930998206138611
000016,3,735.2173913043478,364.6829268292683,0.6968806385993958
000016,4,598.9130434782609,368.7804878048781,0.8324227333068848
000016,5,499.78260869565213,237.65853658536585,0.7874051928520203
000016,6,966.5217391304348,331.9024390243903,0.6741560101509094
000016,7,1003.695652173913,467.1219512195122,0.7700222730636597
000016,8,1069.782608695652,602.3414634146342,0.8769352436065674
000016,9,867.391304347826,667.9024390243902,0.7399502992630005
000016,10,904.5652173913043,868.6829268292684,0.7714757323265076
000016,11,904.5652173913043,1036.6829268292684,0.8344089984893799
000016,12,970.6521739130434,635.1219512195122,0.7388780117034912
000016,13,966.5217391304348,803.1219512195122,0.752752423286438
000016,14,966.5217391304348,934.2439024390244,0.7486406564712524
000016,15,937.6086956521739,233.5609756097561,0.8206419348716736
000016,17,867.391304347826,233.5609756097561,0.9383842945098877
000017,1,970.6521739130434,237.65853658536585,0.8452126383781433
000017,2,867.391304347826,336.0,0.8331055045127869
000017,3,768.2608695652174,364.6829268292683,0.6990731358528137
000017,4,598.9130434782609,368.7804878048781,0.8259099721908569
000017,5,503.9130434782608,233.5609756097561,0.7469441294670105
000017,6,966.5217391304348,331.9024390243903,0.6815051436424255
000017,7,1003.695652173913,467.1219512195122,0.7700828313827515
000017,8,1069.782608695652,602.3414634146342,0.8744837641716003
000017,9,867.391304347826,667.9024390243902,0.7374472618103027
000017,10,904.5652173913043,868.6829268292684,0.7680739164352417
000017,11,904.5652173913043,1036.6829268292684,0.833425760269165
000017,12,970.6521739130434,635.1219512195122,0.741312563419342
000017,13,966.5217391304348,803.1219512195122,0.757443368434906
000017,14,966.5217391304348,934.2439024390244,0.7531680464744568
000017,15,966.5217391304348,233.5609756097561,0.8559553623199463
000017,17,867.391304347826,233.5609756097561,0.8995769619941711
000018,1,970.6521739130434,266.3414634146342,0.8224266767501831
000018,2,867.391304347826,336.0,0.849567711353302
000018,3,768.2608695652174,364.6829268292683,0.7235556244850159
000018,4,598.9130434782609,368.7804878048781,0.8382463455200195
000018,5,532.8260869565217,200.78048780487805,0.851525604724884
000018,6,966.5217391304348,331.9024390243903,0.6808884739875793
000018,7,1003.695652173913,467.1219512195122,0.7711142897605896
000018,8,1069.782608695652,602.3414634146342,0.8537888526916504
000018,9,867.391304347826,667.9024390243902,0.7436255812644958
000018,10,904.5652173913043,868.6829268292684,0.7540501952171326
000018,11,904.5652173913043,1036.6829268292684,0.8299610018730164
000018,12,970.6521739130434,635.1219512195122,0.7435493469238281
000018,13,966.5217391304348,803.1219512195122,0.7357617616653442
000018,14,966.5217391304348,934.2439024390244,0.7588047981262207
000018,15,966.5217391304348,233.5609756097561,0.8903451561927795
000018,17,867.391304347826,233.5609756097561,0.9092331528663635
000019,1,970.6521739130434,237.65853658536585,0.8371354937553406
000019,2,867.391304347826,336.0,0.8666489124298096
000019,3,768.2608695652174,364.6829268292683,0.7306386232376099
000019,4,598.9130434782609,364.6829268292683,0.8021348714828491
000019,5,536.9565217391304,200.78048780487805,0.8075315952301025
000019,6,966.5217391304348,303.219512195122,0.6670360565185547
000019,7,1003.695652173913,467.1219512195122,0.7804719805717468
000019,8,1065.6521739130435,602.3414634146342,0.781368613243103
000019,9,867.391304347826,667.9024390243902,0.7382952570915222
000019,10,904.5652173913043,868.6829268292684,0.7456234693527222
000019,11,904.5652173913043,1036.6829268292684,0.8313427567481995
000019,12,970.6521739130434,635.1219512195122,0.7155911326408386
000019,13,966.5217391304348,803.1219512195122,0.6829150915145874
000019,14,966.5217391304348,934.2439024390244,0.7459677457809448
000019,15,966.5217391304348,233.5609756097561,0.9058049917221069
000019,17,867.391304347826,233.5609756097561,0.9009356498718262
000020,1,970.6521739130434,266.3414634146342,0.833942711353302
000020,2,867.391304347826,336.0,0.8774736523628235
000020,3,768.2608695652174,364.6829268292683,0.7306821346282959
000020,4,598.9130434782609,368.7804878048781,0.8136472702026367
000020,5,565.8695652173913,200.78048780487805,0.8527184128761292
000020,6,966.5217391304348,331.9024390243903,0.6889612674713135
000020,7,1003.695652173913,467.1219512195122,0.7588390111923218
000020,8,1065.6521739130435,602.3414634146342,0.7710448503494263
000020,9,867.391304347826,667.9024390243902,0.7439042925834656
000020,10,904.5652173913043,868.6829268292684,0.745576024055481
000020,11,904.5652173913043,1036.6829268292684,0.8325186967849731
000020,12,970.6521739130434,635.1219512195122,0.7200681567192078
000020,13,966.5217391304348,803.1219512195122,0.6958495378494263
000020,14,966.5217391304348,934.2439024390244,0.7389832139015198
000020,15,966.5217391304348,233.5609756097561,0.9253127574920654
000020,17,867.391304347826,233.5609756097561,0.9057202339172363
000021,1,970.6521739130434,266.3414634146342,0.8138776421546936
000021,2,867.391304347826,336.0,0.8735604286193848
000021,3,768.2608695652174,364.6829268292683,0.7440708875656128
000021,4,598.9130434782609,364.6829268292683,0.806971549987793
000021,5,565.8695652173913,200.78048780487805,0.8849601745605469
000021,6,966.5217391304348,331.9024390243903,0.7111978530883789
000021,7,1003.695652173913,467.1219512195122,0.7589043974876404
000021,8,1036.7391304347825,602.3414634146342,0.8028274178504944
000021,9,867.391304347826,667.9024390243902,0.7444683909416199
000021,10,904.5652173913043,868.6829268292684,0.7510263323783875
000021,11,904.5652173913043,1036.6829268292684,0.8298609256744385
000021,12,970.6521739130434,635.1219512195122,0.71657794713974
000021,13,966.5217391304348,803.1219512195122,0.7312002778053284
000021,14,966.5217391304348,934.2439024390244,0.7525731921195984
000021,15,966.5217391304348,233.5609756097561,0.9307699203491211
000021,17,871.5217391304348,233.5609756097561,0.8849150538444519
000022,1,970.6521739130434,266.3414634146342,0.809971272945404
000022,2,867.391304347826,336.0,0.8756624460220337
000022,3,768.2608695652174,364.6829268292683,0.7418862581253052
000022,4,598.9130434782609,364.6829268292683,0.8276382088661194
000022,5,565.8695652173913,200.78048780487805,0.8826248645782471
000022,6,966.5217391304348,331.9024390243903,0.7060930132865906
000022,7,1003.695652173913,467.1219512195122,0.7451120615005493
000022,8,1036.7391304347825,602.3414634146342,0.7884316444396973
000022,9,867.391304347826,667.9024390243902,0.7440224289894104
000022,10,904.5652173913043,868.6829268292684,0.757112979888916
000022,11,904.5652173913043,1036.6829268292684,0.8284984230995178
000022,12,970.6521739130434,635.1219512195122,0.7220801711082458
000022,13,966.5217391304348,803.1219512195122,0.736440896987915
000022,14,966.5217391304348,934.2439024390244,0.7443030476570129
000022,15,966.5217391304348,233.5609756097561,0.9314293265342712
000022,17,871.5217391304348,233.5609756097561,0.8863067626953125
000023,1,970.6521739130434,266.3414634146342,0.808297872543335
000023,2,867.391304347826,336.0,0.8907629251480103
000023,3,768.2608695652174,364.6829268292683,0.738585889339447
000023,4,598.9130434782609,368.7804878048781,0.8384192585945129
000023,5,565.8695652173913,200.78048780487805,0.8374010324478149
000023,6,966.5217391304348,303.219512195122,0.7039825916290283
000023,7,1003.695652173913,467.1219512195122,0.7337479591369629
000023,8,1036.7391304347825,602.3414634146342,0.7820389866828918
000023,9,867.391304347826,667.9024390243902,0.7477555274963379
000023,10,904.5652173913043,868.6829268292684,0.7539552450180054
000023,11,904.5652173913043,1036.6829268292684,0.827165961265564
000023,12,970.6521739130434,635.1219512195122,0.7048488259315491
000023,13,966.5217391304348,803.1219512195122,0.7061982750892639
000023,14,966.5217391304348,934.2439024390244,0.7404418587684631
000023,15,966.5217391304348,233.5609756097561,0.9283812046051025
000023,17,871.5217391304348,233.5609756097561,0.89364093542099
000024,1,970.6521739130434,266.3414634146342,0.8152452707290649
000024,2,867.391304347826,336.0,0.8777095675468445
000024,3,768.2608695652174,364.6829268292683,0.7222320437431335
000024,4,598.9130434782609,368.7804878048781,0.835102915763855
000024,5,565.8695652173913,233.5609756097561,0.8001862168312073
000024,6,966.5217391304348,331.9024390243903,0.7004420161247253
000024,7,1003.695652173913,467.1219512195122,0.7433626651763916
000024,8,1065.6521739130435,602.3414634146342,0.8202006220817566
000024,9,867.391304347826,667.9024390243902,0.7415069937705994
000024,10,904.5652173913043,868.6829268292684,0.7605841159820557
000024,11,904.5652173913043,1036.6829268292684,0.8304092884063721
000024,12,970.6521739130434,635.1219512195122,0.6988040208816528
000024,13,966.5217391304348,803.1219512195122,0.6873505115509033
000024,14,966.5217391304348,934.2439024390244,0.7390588521957397
000024,15,966.5217391304348,233.5609756097561,0.9400261044502258
000024,17,871.5217391304348,233.5609756097561,0.8694286942481995
000025,1,970.6521739130434,266.3414634146342,0.8368946313858032
000025,2,867.391304347826,336.0,0.8596563935279846
000025,3,768.2608695652174,364.6829268292683,0.7104026079177856
000025,4,598.9130434782609,368.7804878048781,0.8526957631111145
000025,5,565.8695652173913,233.5609756097561,0.8329793810844421
000025,6,966.5217391304348,331.9024390243903,0.7357168197631836
000025,7,1003.695652173913,467.1219512195122,0.7229223847389221
000025,8,1069.782608695652,602.3414634146342,0.8486438989639282
000025,9,867.391304347826,667.9024390243902,0.7405408024787903
000025,10,904.5652173913043,868.6829268292684,0.7677983641624451
000025,11,904.5652173913043,1036.6829268292684,0.8224547505378723
000025,12,970.6521739130434,635.1219512195122,0.7051514983177185
000025,13,966.5217391304348,803.1219512195122,0.693343460559845
000025,14,966.5217391304348,934.2439024390244,0.7412833571434021
000025,15,966.5217391304348,233.5609756097561,0.9504550695419312
000025,17,871.5217391304348,233.5609756097561,0.8530954122543335
000026,1,970.6521739130434,266.3414634146342,0.8125417828559875
000026,2,867.391304347826,336.0,0.8611140847206116
000026,3,768.2608695652174,364.6829268292683,0.716718316078186
000026,4,598.9130434782609,368.7804878048781,0.8592222929000854
000026,5,565.8695652173913,233.5609756097561,0.8415818214416504
000026,6,966.5217391304348,331.9024390243903,0.7648338675498962
000026,7,1003.695652173913,467.1219512195122,0.715979814529419
000026,8,1069.782608695652,602.3414634146342,0.8687480092048645
000026,9,867.391304347826,667.9024390243902,0.7341093420982361
000026,10,904.5652173913043,868.6829268292684,0.7565305829048157
000026,11,904.5652173913043,1036.6829268292684,0.8272754549980164
000026,12,970.6521739130434,635.1219512195122,0.7285874485969543
000026,13,966.5217391304348,803.1219512195122,0.7300466895103455
000026,14,966.5217391304348,934.2439024390244,0.747403621673584
000026,15,966.5217391304348,233.5609756097561,0.9503791332244873
000026,17,871.5217391304348,233.5609756097561,0.8561701774597168
000027,1,970.6521739130434,266.3414634146342,0.7897161841392517
000027,2,867.391304347826,336.0,0.8696128726005554
000027,3,768.2608695652174,364.6829268292683,0.7495377659797668
000027,4,598.9130434782609,368.7804878048781,0.8609940409660339
000027,5,565.8695652173913,233.5609756097561,0.8458154201507568
000027,6,966.5217391304348,331.9024390243903,0.757539689540863
000027,7,1003.695652173913,467.1219512195122,0.7060372233390808
000027,8,1069.782608695652,602.3414634146342,0.8892879486083984
000027,9,867.391304347826,667.9024390243902,0.7283350825309753
000027,10,904.5652173913043,868.6829268292684,0.7515104413032532
000027,11,904.5652173913043,1036.6829268292684,0.8231819868087769
000027,12,970.6521739130434,635.1219512195122,0.7395154237747192
000027,13,966.5217391304348,803.1219512195122,0.7734447121620178
000027,14,966.5217391304348,934.2439024390244,0.7606667876243591
000027,15,966.5217391304348,233.5609756097561,0.9496516585350037
000027,17,871.5217391304348,233.5609756097561,0.8418315052986145
000028,1,970.6521739130434,266.3414634146342,0.7925485372543335
000028,2,867.391304347826,336.0,0.8742786645889282
000028,3,768.2608695652174,364.6829268292683,0.7504335641860962
000028,4,598.9130434782609,368.7804878048781,0.861741840839386
000028,5,565.8695652173913,233.5609756097561,0.8557206988334656
000028,6,966.5217391304348,331.9024390243903,0.7603875398635864
000028,7,1003.695652173913,467.1219512195122,0.7001426219940186
000028,8,1069.782608695652,602.3414634146342,0.8877608180046082
000028,9,867.391304347826,667.9024390243902,0.732162594795227
000028,10,904.5652173913043,868.6829268292684,0.7565628886222839
000028,11,904.5652173913043,1036.6829268292684,0.8287235498428345
000028,12,970.6521739130434,635.1219512195122,0.7231696844100952
000028,13,966.5217391304348,803.1219512195122,0.7708188891410828
000028,14,966.5217391304348,934.2439024390244,0.759294331073761
000028,15,966.5217391304348,233.5609756097561,0.9565632939338684
000028,17,871.5217391304348,233.5609756097561,0.8355262279510498
000029,1,970.6521739130434,266.3414634146342,0.7996729612350464
000029,2,867.391304347826,336.0,0.861793041229248
000029,3,768.2608695652174,364.6829268292683,0.7412816882133484
000029,4,598.9130434782609,368.7804878048781,0.8601518869400024
000029,5,565.8695652173913,233.5609756097561,0.8518205881118774
000029,6,966.5217391304348,331.9024390243903,0.7648364901542664
000029,7,1032.6086956521738,467.1219512195122,0.6918354630470276
000029,8,1069.782608695652,602.3414634146342,0.8897095918655396
000029,9,867.391304347826,667.9024390243902,0.7263803482055664
000029,10,904.5652173913043,868.6829268292684,0.7538652420043945
000029,11,904.5652173913043,1036.6829268292684,0.8263223171234131
000029,12,970.6521739130434,635.1219512195122,0.7180664539337158
000029,13,966.5217391304348,803.1219512195122,0.7637349367141724
000029,14,966.5217391304348,934.2439024390244,0.7610079646110535
000029,15,966.5217391304348,233.5609756097561,0.9507214426994324
000029,17,900.4347826086956,233.5609756097561,0.847216784954071
000030,1,970.6521739130434,266.3414634146342,0.7958675622940063
000030,2,867.391304347826,336.0,0.8611822128295898
000030,3,768.2608695652174,364.6829268292683,0.7373629212379456
000030,4,598.9130434782609,368.7804878048781,0.8436327576637268
000030,5,565.8695652173913,233.5609756097561,0.9034423828125
000030,6,966.5217391304348,331.9024390243903,0.7552230954170227
000030,7,1032.6086956521738,467.1219512195122,0.6896083354949951
000030,8,1069.782608695652,602.3414634146342,0.9036480784416199
000030,9,867.391304347826,667.9024390243902,0.7226455211639404
000030,10,904.5652173913043,868.6829268292684,0.7439326047897339
000030,11,904.5652173913043,1036.6829268292684,0.8231978416442871
000030,12,970.6521739130434,635.1219512195122,0.7211683988571167
000030,13,966.5217391304348,803.1219512195122,0.7495717406272888
000030,14,966.5217391304348,934.2439024390244,0.7537947297096252
000030,15,966.5217391304348,233.5609756097561,0.9459471106529236
000030,17,900.4347826086956,233.5609756097561,0.859205961227417
000031,1,970.6521739130434,266.3414634146342,0.8029155731201172
000031,2,867.391304347826,336.0,0.8571992516517639
000031,3,768.2608695652174,364.6829268292683,0.7354022860527039
000031,4,598.9130434782609,368.7804878048781,0.8426787257194519
000031,5,565.8695652173913,233.5609756097561,0.9104617238044739
000031,6,966.5217391304348,331.9024390243903,0.7565749883651733
000031,7,1003.695652173913,467.1219512195122,0.6764436364173889
000031,8,1069.782608695652,602.3414634146342,0.8971008062362671
000031,9,867.391304347826,667.9024390243902,0.7173066139221191
000031,10,904.5652173913043,868.6829268292684,0.7485048174858093
000031,11,904.5652173913043,1036.6829268292684,0.8201533555984497
000031,12,970.6521739130434,635.1219512195122,0.7141982316970825
000031,13,966.5217391304348,803.1219512195122,0.7348059415817261
000031,14,966.5217391304348,934.2439024390244,0.7510765194892883
000031,15,966.5217391304348,233.5609756097561,0.9403808116912842
000031,17,900.4347826086956,233.5609756097561,0.8557094931602478
000032,1,970.6521739130434,266.3414634146342,0.7790703177452087
000032,2,867.391304347826,336.0,0.8621420860290527
000032,3,768.2608695652174,364.6829268292683,0.7507858872413635
000032,4,598.9130434782609,368.7804878048781,0.8294987678527832
000032,5,565.8695652173913,233.5609756097561,0.8644109964370728
000032,6,966.5217391304348,331.9024390243903,0.7599078416824341
000032,7,1003.695652173913,467.1219512195122,0.6918751001358032
000032,8,1069.782608695652,602.3414634146342,0.9052133560180664
000032,9,867.391304347826,667.9024390243902,0.7150093913078308
000032,10,904.5652173913043,868.6829268292684,0.7498651146888733
000032,11,904.5652173913043,1036.6829268292684,0.8295906782150269
000032,12,970.6521739130434,635.1219512195122,0.7041122913360596
000032,13,966.5217391304348,803.1219512195122,0.6974120736122131
000032,14,937.6086956521739,934.2439024390244,0.7372684478759766
000032,15,966.5217391304348,233.5609756097561,0.9400458335876465
000032,17,900.4347826086956,233.5609756097561,0.8682398796081543
000033,1,970.6521739130434,266.3414634146342,0.7632984519004822
000033,2,867.391304347826,336.0,0.8632047772407532
000033,3,768.2608695652174,364.6829268292683,0.7590259313583374
000033,4,598.9130434782609,368.7804878048781,0.844658374786377
000033,5,565.8695652173913,233.5609756097561,0.8874474763870239
000033,6,966.5217391304348,331.9024390243903,0.732617199420929
000033,7,1003.695652173913,467.1219512195122,0.6820449233055115
000033,8,1069.782608695652,602.3414634146342,0.9008378386497498
000033,9,867.391304347826,667.9024390243902,0.7177508473396301
000033,10,904.5652173913043,868.6829268292684,0.7622047662734985
000033,11,904.5652173913043,1036.6829268292684,0.8251457810401917
000033,12,970.6521739130434,635.1219512195122,0.7008723616600037
000033,13,966.5217391304348,803.1219512195122,0.7001445889472961
000033,14,966.5217391304348,934.2439024390244,0.7418341636657715
000033,15,966.5217391304348,233.5609756097561,0.9407473206520081
000033,17,900.4347826086956,233.5609756097561,0.8688693642616272
000034,1,970.6521739130434,266.3414634146342,0.7612270712852478
000034,2,867.391304347826,336.0,0.8560194373130798
000034,3,768.2608695652174,364.6829268292683,0.7688356041908264
000034,4,598.9130434782609,368.7804878048781,0.8270248770713806
000034,5,570.0,233.5609756097561,0.8754613399505615
000034,6,966.5217391304348,331.9024390243903,0.7365318536758423
000034,7,1003.695652173913,467.1219512195122,0.6858094930648804
000034,8,1069.782608695652,602.3414634146342,0.8512568473815918
000034,9,867.391304347826,667.9024390243902,0.7229819893836975
000034,10,904.5652173913043,868.6829268292684,0.7507103085517883
000034,11,904.5652173913043,1036.6829268292684,0.8281737565994263
000034,12,970.6521739130434,635.1219512195122,0.7062049508094788
000034,13,966.5217391304348,803.1219512195122,0.7372226715087891
000034,14,966.5217391304348,934.2439024390244,0.7384226322174072
000034,15,966.5217391304348,233.5609756097561,0.9370138645172119
000034,17,900.4347826086956,233.5609756097561,0.8836693167686462
000035,1,970.6521739130434,266.3414634146342,0.7604402899742126
000035,2,867.391304347826,336.0,0.8627424240112305
000035,3,768.2608695652174,364.6829268292683,0.7577385902404785
000035,4,598.9130434782609,368.7804878048781,0.8179954886436462
000035,5,570.0,233.5609756097561,0.9103711247444153
000035,6,966.5217391304348,331.9024390243903,0.7504022121429443
000035,7,1003.695652173913,467.1219512195122,0.7069317698478699
000035,8,1069.782608695652,602.3414634146342,0.8614493608474731
000035,9,867.391304347826,667.9024390243902,0.716031551361084
000035,10,904.5652173913043,868.6829268292684,0.7526013255119324
000035,11,904.5652173913043,1036.6829268292684,0.8278138637542725
000035,12,970.6521739130434,635.1219512195122,0.7236239314079285
000035,13,966.5217391304348,803.1219512195122,0.7437196969985962
000035,14,966.5217391304348,934.2439024390244,0.7347162961959839
000035,15,966.5217391304348,233.5609756097561,0.9449324607849121
000035,17,900.4347826086956,233.5609756097561,0.9003474712371826
000036,1,970.6521739130434,266.3414634146342,0.7614849805831909
000036,2,867.391304347826,336.0,0.8460856676101685
000036,3,768.2608695652174,364.6829268292683,0.7706130743026733
000036,4,598.9130434782609,368.7804878048781,0.8441004753112793
000036,5,570.0,233.5609756097561,0.9258055090904236
000036,6,966.5217391304348,331.9024390243903,0.7671693563461304
000036,7,1003.695652173913,467.1219512195122,0.7064555883407593
000036,8,1069.782608695652,602.3414634146342,0.8595931529998779
000036,9,867.391304347826,667.9024390243902,0.7111214399337769
000036,10,904.5652173913043,868.6829268292684,0.7629923820495605
000036,11,904.5652173913043,1036.6829268292684,0.8248889446258545
000036,12,970.6521739130434,635.1219512195122,0.7313128709793091
000036,13,966.5217391304348,803.1219512195122,0.767430305480957
000036,14,966.5217391304348,934.2439024390244,0.7401614189147949
000036,15,966.5217391304348,233.5609756097561,0.94074547290802
000036,17,900.4347826086956,233.5609756097561,0.9072743058204651
000037,1,970.6521739130434,266.3414634146342,0.7531462907791138
000037,2,867.391304347826,336.0,0.8382827043533325
000037,3,768.2608695652174,364.6829268292683,0.7637696862220764
000037,4,598.9130434782609,368.7804878048781,0.8053856492042542
000037,5,570.0,233.5609756097561,0.9005423784255981
000037,6,966.5217391304348,331.9024390243903,0.7670793533325195
000037,7,1032.6086956521738,467.1219512195122,0.7223824262619019
000037,8,1069.782608695652,602.3414634146342,0.8674584031105042
000037,9,867.391304347826,667.9024390243902,0.7168049216270447
000037,10,904.5652173913043,868.6829268292684,0.7484442591667175
000037,11,904.5652173913043,1036.6829268292684,0.830508291721344
000037,12,970.6521739130434,635.1219512195122,0.7237924337387085
000037,13,966.5217391304348,803.1219512195122,0.7592400908470154
000037,14,966.5217391304348,934.2439024390244,0.7406541109085083
000037,15,966.5217391304348,233.5609756097561,0.945719838142395
000037,17,900.4347826086956,233.5609756097561,0.9091193079948425
000038,1,970.6521739130434,266.3414634146342,0.7414297461509705
000038,2,867.391304347826,336.0,0.853590726852417
000038,3,768.2608695652174,364.6829268292683,0.7552993893623352
000038,4,603.0434782608695,368.7804878048781,0.8191601037979126
000038,5,570.0,233.5609756097561,0.9157169461250305
000038,6,966.5217391304348,331.9024390243903,0.7655245661735535
000038,7,1003.695652173913,467.1219512195122,0.7062618136405945
000038,8,1069.782608695652,602.3414634146342,0.85797518491745
000038,9,867.391304347826,667.9024390243902,0.7099565267562866
000038,10,904.5652173913043,868.6829268292684,0.7670751214027405
000038,11,904.5652173913043,1036.6829268292684,0.8215805292129517
000038,12,970.6521739130434,635.1219512195122,0.7331141829490662
000038,13,966.5217391304348,803.1219512195122,0.7783049941062927
000038,14,966.5217391304348,934.2439024390244,0.7503661513328552
000038,15,966.5217391304348,233.5609756097561,0.9473018646240234
000038,17,900.4347826086956,233.5609756097561,0.896047830581665
000039,1,999.5652173913043,266.3414634146342,0.7412548661231995
000039,2,867.391304347826,336.0,0.8652620315551758
000039,3,768.2608695652174,364.6829268292683,0.7657673954963684
000039,4,603.0434782608695,368.7804878048781,0.8122022151947021
000039,5,570.0,233.5609756097561,0.899000346660614
000039,6,966.5217391304348,331.9024390243903,0.7690956592559814
000039,7,1003.695652173913,467.1219512195122,0.7042410969734192
000039,8,1069.782608695652,602.3414634146342,0.8582567572593689
000039,9,867.391304347826,667.9024390243902,0.7168005108833313
000039,10,904.5652173913043,868.6829268292684,0.7648088932037354
000039,11,904.5652173913043,1036.6829268292684,0.8273627758026123
000039,12,970.6521739130434,635.1219512195122,0.7280402183532715
000039,13,966.5217391304348,803.1219512195122,0.7533966898918152
000039,14,966.5217391304348,934.2439024390244,0.7491263747215271
000039,15,966.5217391304348,233.5609756097561,0.9402345418930054
000039,17,900.4347826086956,233.5609756097561,0.8959493637084961
000040,1,970.6521739130434,266.3414634146342,0.7244676351547241
000040,2,867.391304347826,336.0,0.8669242262840271
000040,3,768.2608695652174,364.6829268292683,0.7776932120323181
000040,4,603.0434782608695,368.7804878048781,0.8252874612808228
000040,5,565.8695652173913,233.5609756097561,0.8710193037986755
000040,6,966.5217391304348,331.9024390243903,0.7588117122650146
000040,7,1003.695652173913,467.1219512195122,0.6987537145614624
000040,8,1069.782608695652,602.3414634146342,0.8647511005401611
000040,9,867.391304347826,667.9024390243902,0.7169800996780396
000040,10,904.5652173913043,868.6829268292684,0.7558546662330627
000040,11,904.5652173913043,1036.6829268292684,0.8302995562553406
000040,12,970.6521739130434,635.1219512195122,0.7228131890296936
000040,13,966.5217391304348,803.1219512195122,0.7535127401351929
000040,14,966.5217391304348,934.2439024390244,0.745730459690094
000040,15,966.5217391304348,233.5609756097561,0.9360485672950745
000040,17,900.4347826086956,233.5609756097561,0.9106502532958984
000041,1,970.6521739130434,266.3414634146342,0.7542757987976074
000041,2,867.391304347826,336.0,0.8955659866333008
000041,3,768.2608695652174,336.0,0.7086061239242554
000041,4,598.9130434782609,368.7804878048781,0.8598653078079224
000041,5,565.8695652173913,233.5609756097561,0.9170421957969666
000041,6,970.6521739130434,331.9024390243903,0.7372471690177917
000041,7,1032.6086956521738,467.1219512195122,0.6702507138252258
000041,8,1069.782608695652,602.3414634146342,0.857925534248352
000041,9,867.391304347826,667.9024390243902,0.7217670679092407
000041,10,904.5652173913043,868.6829268292684,0.7668434381484985
000041,11,904.5652173913043,1036.6829268292684,0.8290661573410034
000041,12,970.6521739130434,635.1219512195122,0.7186844944953918
000041,13,966.5217391304348,803.1219512195122,0.7413807511329651
000041,14,966.5217391304348,934.2439024390244,0.7391838431358337
000041,15,966.5217391304348,233.5609756097561,0.9367774724960327
000041,17,900.4347826086956,233.5609756097561,0.9014131426811218
000042,1,970.6521739130434,266.3414634146342,0.7444117665290833
000042,2,867.391304347826,336.0,0.8999947905540466
000042,3,768.2608695652174,336.0,0.7058144211769104
000042,4,598.9130434782609,368.7804878048781,0.8722417950630188
000042,5,565.8695652173913,233.5609756097561,0.8791399598121643
000042,6,970.6521739130434,331.9024390243903,0.7531659603118896
000042,7,1032.6086956521738,467.1219512195122,0.6978837847709656
000042,8,1069.782608695652,602.3414634146342,0.8678134083747864
000042,9,867.391304347826,667.9024390243902,0.7133400440216064
000042,10,904.5652173913043,868.6829268292684,0.7630670666694641
000042,11,904.5652173913043,1036.6829268292684,0.8267886638641357
000042,12,970.6521739130434,635.1219512195122,0.7172173261642456
000042,13,966.5217391304348,803.1219512195122,0.7401643395423889
000042,14,966.5217391304348,934.2439024390244,0.7384116053581238
000042,15,966.5217391304348,233.5609756097561,0.9378848075866699
000042,17,900.4347826086956,233.5609756097561,0.9026074409484863
000043,1,999.5652173913043,266.3414634146342,0.7392726540565491
000043,2,867.391304347826,336.0,0.901732861995697
000043,3,768.2608695652174,364.6829268292683,0.7219411730766296
000043,4,598.9130434782609,368.7804878048781,0.8763812780380249
000043,5,565.8695652173913,233.5609756097561,0.9216075539588928
000043,6,970.6521739130434,331.9024390243903,0.743135392665863
000043,7,1032.6086956521738,467.1219512195122,0.677550733089447
000043,8,1069.782608695652,602.3414634146342,0.8606069684028625
000043,9,867.391304347826,667.9024390243902,0.7185828685760498
000043,10,904.5652173913043,868.6829268292684,0.756349503993988
000043,11,904.5652173913043,1036.6829268292684,0.8281046748161316
000043,12,970.6521739130434,635.1219512195122,0.7191497683525085
000043,13,966.5217391304348,803.1219512195122,0.7448736429214478
000043,14,966.5217391304348,934.2439024390244,0.742999255657196
000043,15,966.5217391304348,233.5609756097561,0.9508193135261536
000043,17,900.4347826086956,233.5609756097561,0.887369692325592
000044,1,970.6521739130434,266.3414634146342,0.740562915802002
000044,2,867.391304347826,336.0,0.8977495431900024
000044,3,768.2608695652174,364.6829268292683,0.7271829843521118
000044,4,598.9130434782609,368.7804878048781,0.8714020848274231
000044,5,565.8695652173913,233.5609756097561,0.9520448446273804
000044,6,970.6521739130434,331.9024390243903,0.7518299221992493
000044,7,1032.6086956521738,467.1219512195122,0.6677101850509644
000044,8,1069.782608695652,602.3414634146342,0.8593977689743042
000044,9,867.391304347826,667.9024390243902,0.7222176194190979
000044,10,904.5652173913043,868.6829268292684,0.7569039463996887
000044,11,904.5652173913043,1036.6829268292684,0.8245923519134521
000044,12,970.6521739130434,635.1219512195122,0.7018969058990479
000044,13,966.5217391304348,803.1219512195122,0.6965526342391968
000044,14,966.5217391304348,934.2439024390244,0.7362546324729919
000044,15,966.5217391304348,233.5609756097561,0.9474279880523682
000044,17,900.4347826086956,233.5609756097561,0.8702812790870667
000045,1,970.6521739130434,266.3414634146342,0.7479207515716553
000045,2,867.391304347826,336.0,0.890796959400177
000045,3,768.2608695652174,336.0,0.7115399837493896
000045,4,598.9130434782609,368.7804878048781,0.8533636331558228
000045,5,565.8695652173913,233.5609756097561,0.9106764793395996
000045,6,970.6521739130434,331.9024390243903,0.7206760048866272
000045,7,1032.6086956521738,467.1219512195122,0.6766433119773865
000045,8,1069.782608695652,602.3414634146342,0.8873209953308105
000045,9,867.391304347826,667.9024390243902,0.7099887132644653
000045,10,904.5652173913043,868.6829268292684,0.7580807209014893
000045,11,904.5652173913043,1036.6829268292684,0.827064037322998
000045,12,970.6521739130434,635.1219512195122,0.706960141658783
000045,13,966.5217391304348,803.1219512195122,0.7390841841697693
000045,14,966.5217391304348,934.2439024390244,0.7512350082397461
000045,15,966.5217391304348,233.5609756097561,0.9489629864692688
000045,17,871.5217391304348,233.5609756097561,0.8401293158531189
000046,1,970.6521739130434,266.3414634146342,0.7434269785881042
000046,2,867.391304347826,336.0,0.8830820918083191
000046,3,768.2608695652174,336.0,0.6961706280708313
000046,4,598.9130434782609,368.7804878048781,0.8431932926177979
000046,5,565.8695652173913,233.5609756097561,0.8750846982002258
000046,6,970.6521739130434,331.9024390243903,0.7207202911376953
000046,7,1032.6086956521738,467.1219512195122,0.6645939946174622
000046,8,1069.782608695652,602.3414634146342,0.8769164681434631
000046,9,867.391304347826,667.9024390243902,0.7175544500350952
000046,10,904.5652173913043,868.6829268292684,0.7591369152069092
000046,11,904.5652173913043,1036.6829268292684,0.8193638920783997
000046,12,970.6521739130434,635.1219512195122,0.7052380442619324
000046,13,966.5217391304348,803.1219512195122,0.7453809976577759
000046,14,966.5217391304348,934.2439024390244,0.7598353028297424
000046,15,966.5217391304348,233.5609756097561,0.938985288143158
000046,17,871.5217391304348,233.5609756097561,0.8583287596702576
000047,1,999.5652173913043,266.3414634146342,0.767615795135498
000047,2,867.391304347826,336.0,0.8836596012115479
000047,3,768.2608695652174,364.6829268292683,0.708250880241394
000047,4,598.9130434782609,368.7804878048781,0.84750896692276
000047,5,565.8695652173913,233.5609756097561,0.8062434792518616
000047,6,970.6521739130434,331.9024390243903,0.7301079630851746
000047,7,1032.6086956521738,467.1219512195122,0.6794276237487793
000047,8,1069.782608695652,602.3414634146342,0.8811283111572266
000047,9,867.391304347826,667.9024390243902,0.7330705523490906
000047,10,900.4347826086956,868.6829268292684,0.7708438634872437
000047,11,904.5652173913043,1036.6829268292684,0.8186326622962952
000047,12,970.6521739130434,635.1219512195122,0.7109270691871643
000047,13,966.5217391304348,803.1219512195122,0.7472478747367859
000047,14,966.5217391304348,934.2439024390244,0.7583190202713013
000047,15,966.5217391304348,233.5609756097561,0.9434599280357361
000047,16,970.6521739130434,233.5609756097561,0.13507407903671265
000047,17,871.5217391304348,233.5609756097561,0.8343808650970459
000048,1,970.6521739130434,266.3414634146342,0.7949342727661133
000048,2,867.391304347826,336.0,0.883722722530365
000048,3,768.2608695652174,336.0,0.6969053745269775
000048,4,598.9130434782609,368.7804878048781,0.8271698951721191
000048,5,536.9565217391304,233.5609756097561,0.8206290006637573
000048,6,970.6521739130434,331.9024390243903,0.7301145792007446
000048,7,1032.6086956521738,467.1219512195122,0.7114218473434448
000048,8,1069.782608695652,602.3414634146342,0.892324686050415
000048,9,867.391304347826,667.9024390243902,0.73903888463974
000048,10,900.4347826086956,868.6829268292684,0.7629460096359253
000048,11,904.5652173913043,1036.6829268292684,0.8164383172988892
000048,12,970.6521739130434,635.1219512195122,0.6910484433174133
000048,13,966.5217391304348,803.1219512195122,0.7169563174247742
000048,14,966.5217391304348,934.2439024390244,0.7591931223869324
000048,15,966.5217391304348,233.5609756097561,0.9488554000854492
000048,16,970.6521739130434,233.5609756097561,0.16283775866031647
000048,17,871.5217391304348,233.5609756097561,0.8707733154296875
000049,1,970.6521739130434,266.3414634146342,0.8221055269241333
000049,2,867.391304347826,336.0,0.8797737956047058
000049,3,768.2608695652174,364.6829268292683,0.7029184699058533
000049,4,598.9130434782609,368.7804878048781,0.8138958215713501
000049,5,536.9565217391304,233.5609756097561,0.8686138987541199
000049,6,970.6521739130434,331.9024390243903,0.7541072368621826
000049,7,1032.6086956521738,467.1219512195122,0.7293406128883362
000049,8,1069.782608695652,602.3414634146342,0.8963053822517395
000049,9,867.391304347826,667.9024390243902,0.7442603707313538
000049,10,900.4347826086956,868.6829268292684,0.7787687182426453
000049,11,904.5652173913043,1036.6829268292684,0.8172441124916077
000049,12,970.6521739130434,635.1219512195122,0.6978830695152283
000049,13,966.5217391304348,803.1219512195122,0.7135236263275146
000049,14,966.5217391304348,934.2439024390244,0.7547096014022827
000049,15,966.5217391304348,233.5609756097561,0.9490147233009338
000049,16,970.6521739130434,233.5609756097561,0.14364060759544373
000049,17,871.5217391304348,233.5609756097561,0.8804265856742859
000050,1,970.6521739130434,266.3414634146342,0.82624751329422
000050,2,867.391304347826,336.0,0.8846290707588196
000050,3,768.2608695652174,336.0,0.7013453245162964
000050,4,598.9130434782609,368.7804878048781,0.8224037289619446
000050,5,532.8260869565217,233.5609756097561,0.888723611831665
000050,6,970.6521739130434,331.9024390243903,0.7434995174407959
000050,7,1032.6086956521738,467.1219512195122,0.7323957681655884
000050,8,1069.782608695652,602.3414634146342,0.8774771690368652
000050,9,867.391304347826,667.9024390243902,0.735788881778717
000050,10,900.4347826086956,868.6829268292684,0.7722081542015076
000050,11,904.5652173913043,1036.6829268292684,0.8149638772010803
000050,12,970.6521739130434,635.1219512195122,0.6974848508834839
000050,13,966.5217391304348,803.1219512195122,0.7245852947235107
000050,14,966.5217391304348,934.2439024390244,0.754846453666687
000050,15,966.5217391304348,233.5609756097561,0.9386807084083557
000050,16,970.6521739130434,233.5609756097561,0.1549719274044037
000050,17,871.5217391304348,233.5609756097561,0.8803780674934387
000051,1,970.6521739130434,266.3414634146342,0.8295089602470398
000051,2,867.391304347826,336.0,0.8858562707901001
000051,3,768.2608695652174,336.0,0.7332665920257568
000051,4,598.9130434782609,368.7804878048781,0.8161759972572327
000051,5,532.8260869565217,233.5609756097561,0.9025806784629822
000051,6,970.6521739130434,331.9024390243903,0.7543395757675171
000051,7,1032.6086956521738,467.1219512195122,0.7309196591377258
000051,8,1069.782608695652,602.3414634146342,0.8663294315338135
000051,9,867.391304347826,667.9024390243902,0.7247964143753052
000051,10,900.4347826086956,868.6829268292684,0.775510847568512
000051,11,904.5652173913043,1036.6829268292684,0.8078953623771667
000051,12,970.6521739130434,635.1219512195122,0.6987318992614746
000051,13,966.5217391304348,803.1219512195122,0.7195523381233215
000051,14,966.5217391304348,934.2439024390244,0.7533941864967346
000051,15,966.5217391304348,233.5609756097561,0.94123375415802
000051,16,970.6521739130434,233.5609756097561,0.14338432252407074
000051,17,871.5217391304348,233.5609756097561,0.8863931894302368
000052,1,970.6521739130434,266.3414634146342,0.817611813545227
000052,2,867.391304347826,336.0,0.8894006013870239
000052,3,768.2608695652174,336.0,0.7452636361122131
000052,4,598.9130434782609,368.7804878048781,0.8028959631919861
000052,5,532.8260869565217,233.5609756097561,0.9065616130828857
000052,6,970.6521739130434,331.9024390243903,0.7565292119979858
000052,7,1032.6086956521738,467.1219512195122,0.7459598183631897
000052,8,1069.782608695652,602.3414634146342,0.8726186752319336
000052,9,867.391304347826,667.9024390243902,0.7241504788398743
000052,10,900.4347826086956,868.6829268292684,0.7714284062385559
000052,11,904.5652173913043,1036.6829268292684,0.8064181208610535
000052,12,970.6521739130434,635.1219512195122,0.69968581199646
000052,13,966.5217391304348,803.1219512195122,0.7469031810760498
000052,14,966.5217391304348,934.2439024390244,0.7541229724884033
000052,15,966.5217391304348,233.5609756097561,0.9421684741973877
000052,16,970.6521739130434,233.5609756097561,0.16856247186660767
000052,17,871.5217391304348,233.5609756097561,0.8787927031517029
000053,1,970.6521739130434,266.3414634146342,0.8374455571174622
000053,2,867.391304347826,336.0,0.8921385407447815
000053,3,768.2608695652174,336.0,0.733426034450531
000053,4,570.0,368.7804878048781,0.8140131235122681
000053,5,532.8260869565217,233.5609756097561,0.8874114751815796
000053,6,970.6521739130434,331.9024390243903,0.763292133808136
000053,7,1032.6086956521738,467.1219512195122,0.7559942007064819
000053,8,1069.782608695652,602.3414634146342,0.866436779499054
000053,9,867.391304347826,667.9024390243902,0.7337947487831116
000053,10,900.4347826086956,868.6829268292684,0.7740358710289001
000053,11,904.5652173913043,1036.6829268292684,0.8045297861099243
000053,12,970.6521739130434,635.1219512195122,0.7056242823600769
000053,13,966.5217391304348,803.1219512195122,0.7544670701026917
000053,14,966.5217391304348,934.2439024390244,0.7478187084197998
000053,15,966.5217391304348,233.5609756097561,0.9476629495620728
000053,16,970.6521739130434,233.5609756097561,0.13919448852539062
000053,17,871.5217391304348,233.5609756097561,0.8884038329124451
000054,1,970.6521739130434,266.3414634146342,0.8565935492515564
000054,2,867.391304347826,336.0,0.8907338976860046
000054,3,768.2608695652174,336.0,0.7282859683036804
000054,4,570.0,368.7804878048781,0.8270101547241211
000054,5,532.8260869565217,233.5609756097561,0.9171922206878662
000054,6,970.6521739130434,331.9024390243903,0.7610291838645935
000054,7,1032.6086956521738,467.1219512195122,0.7536327838897705
000054,8,1069.782608695652,602.3414634146342,0.8499143123626709
000054,9,867.391304347826,667.9024390243902,0.7272621393203735
000054,10,900.4347826086956,868.6829268292684,0.7895088791847229
000054,11,904.5652173913043,1036.6829268292684,0.8040669560432434
000054,12,970.6521739130434,635.1219512195122,0.7144193053245544
000054,13,966.5217391304348,803.1219512195122,0.7647279500961304
000054,14,966.5217391304348,934.2439024390244,0.7502923607826233
000054,15,966.5217391304348,233.5609756097561,0.9329066872596741
000054,16,970.6521739130434,233.5609756097561,0.10076070576906204
000054,17,867.391304347826,233.5609756097561,0.9253612756729126
000055,1,970.6521739130434,266.3414634146342,0.8604559302330017
000055,2,867.391304347826,336.0,0.8877595067024231
000055,3,768.2608695652174,336.0,0.713192880153656
000055,4,570.0,368.7804878048781,0.8211210370063782
000055,5,532.8260869565217,233.5609756097561,0.9048762917518616
000055,6,970.6521739130434,331.9024390243903,0.7621485590934753
000055,7,1032.6086956521738,467.1219512195122,0.7501455545425415
000055,8,1069.782608695652,602.3414634146342,0.8467462658882141
000055,9,867.391304347826,667.9024390243902,0.73419189453125
000055,10,900.4347826086956,868.6829268292684,0.789556622505188
000055,11,904.5652173913043,1036.6829268292684,0.811210572719574
000055,12,970.6521739130434,635.1219512195122,0.7128905653953552
000055,13,966.5217391304348,803.1219512195122,0.7654771208763123
000055,14,966.5217391304348,934.2439024390244,0.7415345907211304
000055,15,966.5217391304348,233.5609756097561,0.9212470650672913
000055,17,867.391304347826,233.5609756097561,0.9218090176582336
000056,1,970.6521739130434,266.3414634146342,0.8440421223640442
000056,2,867.391304347826,336.0,0.8876284956932068
000056,3,768.2608695652174,336.0,0.7005891799926758
000056,4,570.0,368.7804878048781,0.8201017379760742
000056,5,532.8260869565217,233.5609756097561,0.9006584882736206
000056,6,970.6521739130434,331.9024390243903,0.7672487497329712
000056,7,1032.6086956521738,467.1219512195122,0.7484900951385498
000056,8,1069.782608695652,602.3414634146342,0.8332668542861938
000056,9,867.391304347826,667.9024390243902,0.7391386032104492
000056,10,900.4347826086956,868.6829268292684,0.7880184650421143
000056,11,904.5652173913043,1036.6829268292684,0.8097585439682007
000056,12,970.6521739130434,635.1219512195122,0.7055990695953369
000056,13,966.5217391304348,803.1219512195122,0.7452446222305298
000056,14,966.5217391304348,934.2439024390244,0.7316075563430786
000056,15,966.5217391304348,233.5609756097561,0.9326910972595215
000056,17,867.391304347826,233.5609756097561,0.9240512251853943
000057,1,970.6521739130434,266.3414634146342,0.8359355330467224
000057,2,867.391304347826,336.0,0.8881043195724487
000057,3,768.2608695652174,336.0,0.7296850681304932
000057,4,570.0,368.7804878048781,0.829998254776001
000057,5,532.8260869565217,233.5609756097561,0.9004842638969421
000057,6,970.6521739130434,331.9024390243903,0.7820984125137329
000057,7,1032.6086956521738,467.1219512195122,0.7449781894683838
000057,8,1069.782608695652,602.3414634146342,0.83012455701828
000057,9,867.391304347826,667.9024390243902,0.7408640384674072
000057,10,900.4347826086956,868.6829268292684,0.7975976467132568
000057,11,904.5652173913043,1036.6829268292684,0.8078205585479736
000057,12,970.6521739130434,635.1219512195122,0.7161418795585632
000057,13,966.5217391304348,803.1219512195122,0.7494713664054871
000057,14,966.5217391304348,934.2439024390244,0.7315900921821594
000057,15,966.5217391304348,233.5609756097561,0.9355213046073914
000057,17,867.391304347826,233.5609756097561,0.9237309098243713
000058,1,970.6521739130434,266.3414634146342,0.8478710055351257
000058,2,867.391304347826,336.0,0.8957573175430298
000058,3,768.2608695652174,336.0,0.7327598929405212
000058,4,570.0,368.7804878048781,0.8376376032829285
000058,5,532.8260869565217,233.5609756097561,0.8682301044464111
000058,6,970.6521739130434,331.9024390243903,0.7799690961837769
000058,7,1032.6086956521738,467.1219512195122,0.7255113124847412
000058,8,1069.782608695652,602.3414634146342,0.8273966908454895
000058,9,867.391304347826,667.9024390243902,0.7344213128089905
000058,10,900.4347826086956,868.6829268292684,0.7995256185531616
000058,11,904.5652173913043,1036.6829268292684,0.8168107271194458
000058,12,970.6521739130434,635.1219512195122,0.7158999443054199
000058,13,966.5217391304348,803.1219512195122,0.7434570789337158
000058,14,966.5217391304348,934.2439024390244,0.7406702041625977
000058,15,966.5217391304348,233.5609756097561,0.9390853643417358
000058,17,867.391304347826,233.5609756097561,0.9323896169662476
000059,1,970.6521739130434,266.3414634146342,0.8586363196372986
000059,2,867.391304347826,336.0,0.8985903859138489
000059,3,768.2608695652174,336.0,0.7339809536933899
000059,4,570.0,368.7804878048781,0.8545321226119995
000059,5,532.8260869565217,233.5609756097561,0.8558523058891296
000059,6,970.6521739130434,331.9024390243903,0.7760143280029297
000059,7,1032.6086956521738,467.1219512195122,0.7360179424285889
000059,8,1069.782608695652,602.3414634146342,0.842462420463562
000059,9,867.391304347826,667.9024390243902,0.7423445582389832
000059,10,900.4347826086956,868.6829268292684,0.7960148453712463
000059,11,904.5652173913043,1036.6829268292684,0.8170993328094482
000059,12,970.6521739130434,635.1219512195122,0.716964840888977
000059,13,966.5217391304348,803.1219512195122,0.7262948155403137
000059,14,966.5217391304348,934.2439024390244,0.739608883857727
000059,15,966.5217391304348,233.5609756097561,0.9416056871414185
000059,17,867.391304347826,233.5609756097561,0.9265956878662109
000060,1,970.6521739130434,266.3414634146342,0.8550797700881958
000060,2,867.391304347826,336.0,0.8886385560035706
000060,3,768.2608695652174,336.0,0.7139593958854675
000060,4,570.0,368.7804878048781,0.835861086845398
000060,5,536.9565217391304,233.5609756097561,0.826543927192688
000060,6,966.5217391304348,331.9024390243903,0.774196982383728
000060,7,1032.6086956521738,467.1219512195122,0.7359407544136047
000060,8,1069.782608695652,602.3414634146342,0.8524912595748901
000060,9,867.391304347826,667.9024390243902,0.7445611953735352
000060,10,900.4347826086956,868.6829268292684,0.7888145446777344
000060,11,904.5652173913043,1036.6829268292684,0.8151866793632507
000060,12,970.6521739130434,635.1219512195122,0.7098128199577332
000060,13,966.5217391304348,803.1219512195122,0.7302401661872864
000060,14,966.5217391304348,934.2439024390244,0.7565534114837646
000060,15,966.5217391304348,233.5609756097561,0.9359571933746338
000060,17,867.391304347826,233.5609756097561,0.9147273898124695
000061,1,970.6521739130434,266.3414634146342,0.8453143835067749
000061,2,867.391304347826,336.0,0.8861757516860962
000061,3,768.2608695652174,336.0,0.7148325443267822
000061,4,570.0,368.7804878048781,0.846344530582428
000061,5,565.8695652173913,233.5609756097561,0.8315695524215698
000061,6,966.5217391304348,331.9024390243903,0.7738396525382996
000061,7,1032.6086956521738,467.1219512195122,0.7385533452033997
000061,8,1069.782608695652,602.3414634146342,0.8646922707557678
000061,9,867.391304347826,667.9024390243902,0.7444284558296204
000061,10,900.4347826086956,868.6829268292684,0.787745475769043
000061,11,904.5652173913043,1036.6829268292684,0.8114475607872009
000061,12,970.6521739130434,635.1219512195122,0.720059871673584
000061,13,966.5217391304348,803.1219512195122,0.7364819645881653
000061,14,966.5217391304348,934.2439024390244,0.747246503829956
000061,15,966.5217391304348,233.5609756097561,0.9351333379745483
000061,17,871.5217391304348,233.5609756097561,0.8990455269813538
000062,1,970.6521739130434,266.3414634146342,0.8487526178359985
000062,2,867.391304347826,336.0,0.8752481937408447
000062,3,768.2608695652174,336.0,0.7043156027793884
000062,4,570.0,368.7804878048781,0.8241483569145203
000062,5,565.8695652173913,233.5609756097561,0.8770549893379211
000062,6,966.5217391304348,331.9024390243903,0.7731326818466187
000062,7,1032.6086956521738,467.1219512195122,0.7523406147956848
000062,8,1069.782608695652,602.3414634146342,0.8697437644004822
000062,9,867.391304347826,667.9024390243902,0.7401184439659119
000062,10,900.4347826086956,868.6829268292684,0.7906042337417603
000062,11,904.5652173913043,1036.6829268292684,0.8102010488510132
000062,12,970.6521739130434,635.1219512195122,0.7297095656394958
000062,13,966.5217391304348,803.1219512195122,0.7592381238937378
000062,14,966.5217391304348,934.2439024390244,0.7604676485061646
000062,15,966.5217391304348,233.5609756097561,0.9412462711334229
000062,17,871.5217391304348,233.5609756097561,0.899196982383728
000063,1,970.6521739130434,266.3414634146342,0.8324729204177856
000063,2,867.391304347826,336.0,0.8737621903419495
000063,3,768.2608695652174,336.0,0.6718356609344482
000063,4,570.0,368.7804878048781,0.7898570895195007
000063,5,565.8695652173913,233.5609756097561,0.8616074919700623
000063,6,966.5217391304348,331.9024390243903,0.7625167965888977
000063,7,1032.6086956521738,467.1219512195122,0.7307844758033752
000063,8,1069.782608695652,602.3414634146342,0.8700278997421265
000063,9,867.391304347826,667.9024390243902,0.7480672001838684
000063,10,900.4347826086956,868.6829268292684,0.7974019646644592
000063,11,904.5652173913043,1036.6829268292684,0.8120599389076233
000063,12,970.6521739130434,635.1219512195122,0.7292109727859497
000063,13,966.5217391304348,803.1219512195122,0.7471420764923096
000063,14,966.5217391304348,934.2439024390244,0.7539277672767639
000063,15,966.5217391304348,233.5609756097561,0.9374716281890869
000063,17,871.5217391304348,233.5609756097561,0.8642909526824951
000064,1,970.6521739130434,266.3414634146342,0.8026642203330994
000064,2,867.391304347826,336.0,0.8698416352272034
000064,3,768.2608695652174,336.0,0.6701363325119019
000064,4,570.0,368.7804878048781,0.7378295063972473
000064,5,565.8695652173913,233.5609756097561,0.8641878962516785
000064,6,966.5217391304348,331.9024390243903,0.7561932802200317
000064,7,1032.6086956521738,467.1219512195122,0.7200008034706116
000064,8,1069.782608695652,602.3414634146342,0.8742699027061462
000064,9,867.391304347826,667.9024390243902,0.7478329539299011
000064,10,900.4347826086956,868.6829268292684,0.7972888946533203
000064,11,904.5652173913043,1036.6829268292684,0.8089901208877563
000064,12,970.6521739130434,635.1219512195122,0.7359880208969116
000064,13,966.5217391304348,803.1219512195122,0.757922887802124
000064,14,966.5217391304348,934.2439024390244,0.7574922442436218
000064,15,966.5217391304348,233.5609756097561,0.9398081302642822
000064,17,871.5217391304348,233.5609756097561,0.8569510579109192
000065,1,970.6521739130434,266.3414634146342,0.8227850198745728
000065,2,867.391304347826,336.0,0.8684710264205933
000065,3,768.2608695652174,336.0,0.6596702337265015
000065,4,598.9130434782609,368.7804878048781,0.7295904755592346
000065,5,565.8695652173913,266.3414634146342,0.8514149188995361
000065,6,966.5217391304348,331.9024390243903,0.7268036603927612
000065,7,1003.695652173913,467.1219512195122,0.71076500415802
000065,8,1069.782608695652,602.3414634146342,0.8674453496932983
000065,9,867.391304347826,667.9024390243902,0.7503847479820251
000065,10,900.4347826086956,868.6829268292684,0.7965834140777588
000065,11,904.5652173913043,1036.6829268292684,0.8155441284179688
000065,12,970.6521739130434,635.1219512195122,0.7352653741836548
000065,13,966.5217391304348,803.1219512195122,0.7495085000991821
000065,14,966.5217391304348,934.2439024390244,0.7654223442077637
000065,15,966.5217391304348,233.5609756097561,0.9405578970909119
000065,17,871.5217391304348,233.5609756097561,0.8454987406730652
000066,1,970.6521739130434,266.3414634146342,0.8094686269760132
000066,2,867.391304347826,336.0,0.8633031249046326
000066,3,768.2608695652174,336.0,0.674751341342926
000066,4,598.9130434782609,397.4634146341464,0.7395873069763184
000066,5,570.0,266.3414634146342,0.852422833442688
000066,6,966.5217391304348,331.9024390243903,0.7348241209983826
000066,7,1003.695652173913,467.1219512195122,0.7253099083900452
000066,8,1069.782608695652,602.3414634146342,0.8632538914680481
000066,9,867.391304347826,667.9024390243902,0.7516949772834778
000066,10,900.4347826086956,868.6829268292684,0.806913435459137
000066,11,904.5652173913043,1036.6829268292684,0.8171253800392151
000066,12,970.6521739130434,635.1219512195122,0.7349260449409485
000066,13,966.5217391304348,803.1219512195122,0.7507830858230591
000066,14,966.5217391304348,934.2439024390244,0.7582941055297852
000066,15,966.5217391304348,233.5609756097561,0.9347293972969055
000066,17,871.5217391304348,233.5609756097561,0.8386470079421997
000067,1,970.6521739130434,266.3414634146342,0.7802524566650391
000067,2,867.391304347826,336.0,0.863105297088623
000067,3,768.2608695652174,364.6829268292683,0.6669807434082031
000067,4,598.9130434782609,401.5609756097561,0.7825138568878174
000067,5,570.0,266.3414634146342,0.8371853828430176
000067,6,966.5217391304348,331.9024390243903,0.733255922794342
000067,7,1003.695652173913,467.1219512195122,0.7411076426506042
000067,8,1065.6521739130435,602.3414634146342,0.8474893569946289
000067,9,867.391304347826,667.9024390243902,0.756865382194519
000067,10,900.4347826086956,868.6829268292684,0.8065781593322754
000067,11,904.5652173913043,1036.6829268292684,0.8149760365486145
000067,12,970.6521739130434,635.1219512195122,0.7362638711929321
000067,13,966.5217391304348,803.1219512195122,0.7497886419296265
000067,14,966.5217391304348,934.2439024390244,0.7549992203712463
000067,15,966.5217391304348,233.5609756097561,0.9359632134437561
000067,17,900.4347826086956,233.5609756097561,0.8592164516448975
000068,1,970.6521739130434,266.3414634146342,0.7842444777488708
000068,2,867.391304347826,336.0,0.8514448404312134
000068,3,768.2608695652174,364.6829268292683,0.6656579375267029
000068,4,598.9130434782609,401.5609756097561,0.8200238347053528
000068,5,570.0,266.3414634146342,0.8225797414779663
000068,6,966.5217391304348,331.9024390243903,0.72328782081604
000068,7,1003.695652173913,467.1219512195122,0.753445029258728
000068,8,1065.6521739130435,602.3414634146342,0.83529132604599
000068,9,867.391304347826,667.9024390243902,0.7569833397865295
000068,10,900.4347826086956,868.6829268292684,0.7987262606620789
000068,11,904.5652173913043,1036.6829268292684,0.8145288228988647
000068,12,970.6521739130434,635.1219512195122,0.7208952903747559
000068,13,966.5217391304348,803.1219512195122,0.7216880321502686
000068,14,966.5217391304348,934.2439024390244,0.7507113218307495
000068,15,966.5217391304348,233.5609756097561,0.9406157732009888
000068,17,900.4347826086956,233.5609756097561,0.8924751877784729
000069,1,970.6521739130434,266.3414634146342,0.7968168258666992
000069,2,867.391304347826,336.0,0.8324862718582153
000069,3,768.2608695652174,364.6829268292683,0.6461450457572937
000069,4,598.9130434782609,401.5609756097561,0.8442325592041016
000069,5,598.9130434782609,266.3414634146342,0.7919203042984009
000069,6,966.5217391304348,331.9024390243903,0.6968951225280762
000069,7,1003.695652173913,467.1219512195122,0.7698056697845459
000069,8,1065.6521739130435,602.3414634146342,0.8179320096969604
000069,9,867.391304347826,667.9024390243902,0.7572705745697021
000069,10,900.4347826086956,868.6829268292684,0.8118247389793396
000069,11,904.5652173913043,1036.6829268292684,0.8081772327423096
000069,12,970.6521739130434,635.1219512195122,0.7269096374511719
000069,13,966.5217391304348,803.1219512195122,0.725564181804657
000069,14,966.5217391304348,934.2439024390244,0.7580116391181946
000069,15,966.5217391304348,233.5609756097561,0.9531627893447876
000069,17,900.4347826086956,233.5609756097561,0.9046645164489746
000070,1,970.6521739130434,266.3414634146342,0.7839952707290649
000070,2,867.391304347826,336.0,0.82147616147995
000070,3,768.2608695652174,364.6829268292683,0.6485115885734558
000070,4,598.9130434782609,401.5609756097561,0.8460330963134766
000070,5,598.9130434782609,266.3414634146342,0.8729696869850159
000070,6,966.5217391304348,331.9024390243903,0.6942191123962402
000070,7,1003.695652173913,467.1219512195122,0.7654018998146057
000070,8,1065.6521739130435,602.3414634146342,0.8068413734436035
000070,9,867.391304347826,667.9024390243902,0.7593021988868713
000070,10,900.4347826086956,868.6829268292684,0.8068668246269226
000070,11,904.5652173913043,1036.6829268292684,0.8097310662269592
000070,12,970.6521739130434,635.1219512195122,0.7198925614356995
000070,13,966.5217391304348,803.1219512195122,0.7118348479270935
000070,14,966.5217391304348,934.2439024390244,0.7546592354774475
000070,15,966.5217391304348,233.5609756097561,0.9360133409500122
000070,17,900.4347826086956,233.5609756097561,0.9134305715560913
000071,1,970.6521739130434,266.3414634146342,0.7859474420547485
000071,2,867.391304347826,336.0,0.8377127647399902
000071,3,768.2608695652174,364.6829268292683,0.6649761199951172
000071,4,598.9130434782609,401.5609756097561,0.8555033802986145
000071,5,598.9130434782609,266.3414634146342,0.9239321947097778
000071,6,966.5217391304348,331.9024390243903,0.7019041180610657
000071,7,1003.695652173913,467.1219512195122,0.7467635273933411
000071,8,1036.7391304347825,602.3414634146342,0.8141135573387146
000071,9,867.391304347826,667.9024390243902,0.7620043158531189
000071,10,900.4347826086956,868.6829268292684,0.7969749569892883
000071,11,904.5652173913043,1036.6829268292684,0.8033339381217957
000071,12,970.6521739130434,635.1219512195122,0.7380591630935669
000071,13,966.5217391304348,803.1219512195122,0.7185325622558594
000071,14,966.5217391304348,934.2439024390244,0.7466983199119568
000071,15,966.5217391304348,233.5609756097561,0.9335188865661621
000071,17,900.4347826086956,233.5609756097561,0.9154861569404602
000072,1,970.6521739130434,266.3414634146342,0.7880507707595825
000072,2,867.391304347826,336.0,0.829756498336792
000072,3,768.2608695652174,364.6829268292683,0.6503915786743164
000072,4,598.9130434782609,401.5609756097561,0.8556822538375854
000072,5,603.0434782608695,266.3414634146342,0.9286743402481079
000072,6,966.5217391304348,331.9024390243903,0.7147383093833923
000072,7,1003.695652173913,467.1219512195122,0.7576783299446106
000072,8,1036.7391304347825,602.3414634146342,0.8332939743995667
000072,9,867.391304347826,667.9024390243902,0.7595162987709045
000072,10,900.4347826086956,868.6829268292684,0.8118921518325806
000072,11,904.5652173913043,1036.6829268292684,0.8101052641868591
000072,12,970.6521739130434,635.1219512195122,0.7451753616333008
000072,13,966.5217391304348,803.1219512195122,0.742301881313324
000072,14,966.5217391304348,934.2439024390244,0.7527931332588196
000072,15,966.5217391304348,233.5609756097561,0.9436681270599365
000072,17,900.4347826086956,233.5609756097561,0.9059411883354187
000073,1,970.6521739130434,266.3414634146342,0.7474049925804138
000073,2,867.391304347826,336.0,0.8276631832122803
000073,3,768.2608695652174,364.6829268292683,0.65131014585495
000073,4,598.9130434782609,401.5609756097561,0.8808450102806091
000073,5,603.0434782608695,266.3414634146342,0.8997451066970825
000073,6,966.5217391304348,331.9024390243903,0.7191051244735718
000073,7,1003.695652173913,467.1219512195122,0.7683480978012085
000073,8,1036.7391304347825,602.3414634146342,0.8415087461471558
000073,9,867.391304347826,667.9024390243902,0.7609331011772156
000073,10,900.4347826086956,868.6829268292684,0.7986007332801819
000073,11,904.5652173913043,1036.6829268292684,0.815382182598114
000073,12,970.6521739130434,635.1219512195122,0.737775981426239
000073,13,966.5217391304348,803.1219512195122,0.7108587622642517
000073,14,966.5217391304348,934.2439024390244,0.744055449962616
000073,15,966.5217391304348,233.5609756097561,0.9364129304885864
000073,17,900.4347826086956,233.5609756097561,0.9184351563453674
000074,1,970.6521739130434,266.3414634146342,0.7358301877975464
000074,2,867.391304347826,336.0,0.8313940763473511
000074,3,768.2608695652174,336.0,0.6452109217643738
000074,4,598.9130434782609,401.5609756097561,0.8835254311561584
000074,5,603.0434782608695,266.3414634146342,0.8016833662986755
000074,6,966.5217391304348,331.9024390243903,0.7229542136192322
000074,7,1003.695652173913,467.1219512195122,0.7672264575958252
000074,8,1036.7391304347825,602.3414634146342,0.8363357186317444
000074,9,867.391304347826,667.9024390243902,0.7568590641021729
000074,10,900.4347826086956,868.6829268292684,0.8056348562240601
000074,11,904.5652173913043,1036.6829268292684,0.8090493679046631
000074,12,970.6521739130434,635.1219512195122,0.7518619298934937
000074,13,966.5217391304348,803.1219512195122,0.7321957945823669
000074,14,966.5217391304348,934.2439024390244,0.7533344030380249
000074,15,966.5217391304348,233.5609756097561,0.9332186579704285
000074,17,900.4347826086956,233.5609756097561,0.9233596920967102
000075,1,970.6521739130434,266.3414634146342,0.7441232800483704
000075,2,867.391304347826,336.0,0.840827226638794
000075,3,768.2608695652174,364.6829268292683,0.6611442565917969
000075,4,598.9130434782609,401.5609756097561,0.878358006477356
000075,5,631.9565217391304,266.3414634146342,0.81179279088974
000075,6,966.5217391304348,331.9024390243903,0.719896674156189
000075,7,1003.695652173913,467.1219512195122,0.7583566308021545
000075,8,1036.7391304347825,602.3414634146342,0.8431934118270874
000075,9,867.391304347826,667.9024390243902,0.7572349905967712
000075,10,900.4347826086956,868.6829268292684,0.7999839782714844
000075,11,904.5652173913043,1036.6829268292684,0.8077619075775146
000075,12,970.6521739130434,635.1219512195122,0.7501541376113892
000075,13,966.5217391304348,803.1219512195122,0.7473050951957703
000075,14,966.5217391304348,934.2439024390244,0.758795976638794
000075,15,970.6521739130434,233.5609756097561,0.9430004358291626
000075,17,900.4347826086956,233.5609756097561,0.9146034717559814
000076,1,999.5652173913043,266.3414634146342,0.7580004930496216
000076,2,867.391304347826,336.0,0.8396494388580322
000076,3,768.2608695652174,364.6829268292683,0.6793020367622375
000076,4,598.9130434782609,401.5609756097561,0.873492419719696
000076,5,636.0869565217391,233.5609756097561,0.8356953263282776
000076,6,966.5217391304348,331.9024390243903,0.6874229311943054
000076,7,1003.695652173913,467.1219512195122,0.7435123324394226
000076,8,1036.7391304347825,602.3414634146342,0.8427846431732178
000076,9,867.391304347826,667.9024390243902,0.7589952945709229
000076,10,900.4347826086956,868.6829268292684,0.8001559972763062
000076,11,904.5652173913043,1036.6829268292684,0.8077203631401062
000076,12,970.6521739130434,635.1219512195122,0.7404720783233643
000076,13,966.5217391304348,803.1219512195122,0.739660382270813
000076,14,966.5217391304348,934.2439024390244,0.7514292001724243
000076,15,970.6521739130434,233.5609756097561,0.933656632900238
000076,17,900.4347826086956,233.5609756097561,0.909558117389679
000077,1,999.5652173913043,266.3414634146342,0.75191730260849
000077,2,867.391304347826,336.0,0.8434232473373413
000077,3,768.2608695652174,364.6829268292683,0.6846873164176941
000077,4,598.9130434782609,401.5609756097561,0.8535196185112
000077,5,636.0869565217391,233.5609756097561,0.8309370875358582
000077,6,966.5217391304348,331.9024390243903,0.6731442213058472
000077,7,1003.695652173913,467.1219512195122,0.7157119512557983
000077,8,1036.7391304347825,602.3414634146342,0.8539267182350159
000077,9,867.391304347826,667.9024390243902,0.7584804892539978
000077,10,900.4347826086956,868.6829268292684,0.7939651608467102
000077,11,904.5652173913043,1036.6829268292684,0.8047425746917725
000077,12,970.6521739130434,635.1219512195122,0.7326146960258484
000077,13,966.5217391304348,803.1219512195122,0.7367613911628723
000077,14,966.5217391304348,934.2439024390244,0.75365149974823
000077,15,970.6521739130434,233.5609756097561,0.9376911520957947
000077,17,900.4347826086956,233.5609756097561,0.9160552620887756
000078,1,999.5652173913043,266.3414634146342,0.7537969350814819
000078,2,867.391304347826,336.0,0.8496743440628052
000078,3,768.2608695652174,364.6829268292683,0.7011255621910095
000078,4,598.9130434782609,401.5609756097561,0.8631204962730408
000078,5,636.0869565217391,237.65853658536585,0.791222333908081
000078,6,966.5217391304348,331.9024390243903,0.6590785384178162
000078,7,1003.695652173913,467.1219512195122,0.7193761467933655
000078,8,1036.7391304347825,602.3414634146342,0.8386607766151428
000078,9,867.391304347826,667.9024390243902,0.7511825561523438
000078,10,900.4347826086956,868.6829268292684,0.7989101409912109
000078,11,904.5652173913043,1036.6829268292684,0.8070746064186096
000078,12,970.6521739130434,635.1219512195122,0.7289513349533081
000078,13,966.5217391304348,803.1219512195122,0.7466444969177246
000078,14,966.5217391304348,934.2439024390244,0.752528965473175
000078,15,970.6521739130434,233.5609756097561,0.9286737442016602
000078,17,900.4347826086956,233.5609756097561,0.9105900526046753
000079,1,999.5652173913043,266.3414634146342,0.7560384273529053
000079,2,867.391304347826,336.0,0.8427476286888123
000079,3,768.2608695652174,364.6829268292683,0.692401647567749
000079,4,598.9130434782609,401.5609756097561,0.8727105855941772
000079,5,636.0869565217391,266.3414634146342,0.8243001699447632
000079,6,966.5217391304348,303.219512195122,0.654911994934082
000079,7,1003.695652173913,434.3414634146342,0.7206771373748779
000079,8,1036.7391304347825,602.3414634146342,0.8021076321601868
000079,9,867.391304347826,667.9024390243902,0.7483731508255005
000079,10,900.4347826086956,868.6829268292684,0.791978120803833
000079,11,904.5652173913043,1036.6829268292684,0.8031195402145386
000079,12,970.6521739130434,635.1219512195122,0.7394469380378723
000079,13,966.5217391304348,803.1219512195122,0.7600842714309692
000079,14,966.5217391304348,934.2439024390244,0.7578772902488708
000079,15,970.6521739130434,233.5609756097561,0.9261132478713989
000079,17,900.4347826086956,233.5609756097561,0.9072508215904236
000080,1,999.5652173913043,266.3414634146342,0.7657378911972046
000080,2,867.391304347826,336.0,0.8536199927330017
000080,3,768.2608695652174,364.6829268292683,0.7029100656509399
000080,4,598.9130434782609,401.5609756097561,0.8834342956542969
000080,5,636.0869565217391,266.3414634146342,0.7730658650398254
000080,6,966.5217391304348,331.9024390243903,0.6698881387710571
000080,7,1003.695652173913,467.1219512195122,0.7171405553817749
000080,8,1036.7391304347825,602.3414634146342,0.7875019311904907
000080,9,867.391304347826,667.9024390243902,0.7575910091400146
000080,10,900.4347826086956,868.6829268292684,0.7917308807373047
000080,11,904.5652173913043,1036.6829268292684,0.8058096766471863
000080,12,970.6521739130434,635.1219512195122,0.7278329133987427
000080,13,966.5217391304348,803.1219512195122,0.7565514445304871
000080,14,966.5217391304348,934.2439024390244,0.7529053092002869
000080,15,970.6521739130434,233.5609756097561,0.9244122505187988
000080,17,900.4347826086956,233.5609756097561,0.928462564945221
000081,1,999.5652173913043,266.3414634146342,0.7787021994590759
000081,2,867.391304347826,336.0,0.8589742183685303
000081,3,768.2608695652174,364.6829268292683,0.6998620629310608
000081,4,598.9130434782609,401.5609756097561,0.8804835677146912
000081,5,665.0,233.5609756097561,0.7520942687988281
000081,6,966.5217391304348,331.9024390243903,0.6583686470985413
000081,7,1003.695652173913,467.1219512195122,0.729633629322052
000081,8,1065.6521739130435,602.3414634146342,0.8073495030403137
000081,9,867.391304347826,667.9024390243902,0.7578065395355225
000081,10,900.4347826086956,868.6829268292684,0.7970107197761536
000081,11,904.5652173913043,1036.6829268292684,0.8012126088142395
000081,12,970.6521739130434,635.1219512195122,0.7290425300598145
000081,13,966.5217391304348,803.1219512195122,0.7540678977966309
000081,14,966.5217391304348,934.2439024390244,0.752447247505188
000081,15,970.6521739130434,233.5609756097561,0.9151432514190674
000081,17,900.4347826086956,233.5609756097561,0.9323262572288513
000082,1,999.5652173913043,266.3414634146342,0.7708085775375366
000082,2,867.391304347826,336.0,0.86189204454422
000082,3,768.2608695652174,364.6829268292683,0.7094502449035645
000082,4,598.9130434782609,401.5609756097561,0.8706775307655334
000082,5,669.1304347826086,233.5609756097561,0.8389018774032593
000082,6,966.5217391304348,331.9024390243903,0.6562556624412537
000082,7,1003.695652173913,434.3414634146342,0.7220725417137146
000082,8,1065.6521739130435,602.3414634146342,0.8144062161445618
000082,9,867.391304347826,667.9024390243902,0.7577082514762878
000082,10,900.4347826086956,868.6829268292684,0.7991583347320557
000082,11,904.5652173913043,1036.6829268292684,0.7967055439949036
000082,12,970.6521739130434,635.1219512195122,0.7248603701591492
000082,13,966.5217391304348,803.1219512195122,0.746066153049469
000082,14,966.5217391304348,934.2439024390244,0.7464174032211304
000082,15,970.6521739130434,233.5609756097561,0.9257257580757141
000082,17,900.4347826086956,233.5609756097561,0.9506312608718872
000083,1,999.5652173913043,266.3414634146342,0.7735531330108643
000083,2,867.391304347826,336.0,0.8683498501777649
000083,3,768.2608695652174,364.6829268292683,0.6996200680732727
000083,4,603.0434782608695,401.5609756097561,0.8524628281593323
000083,5,669.1304347826086,233.5609756097561,0.8140033483505249
000083,6,966.5217391304348,331.9024390243903,0.6510730385780334
000083,7,1003.695652173913,438.4390243902439,0.7074136137962341
000083,8,1065.6521739130435,602.3414634146342,0.8060721755027771
000083,9,867.391304347826,667.9024390243902,0.7547404170036316
000083,10,900.4347826086956,868.6829268292684,0.808601438999176
000083,11,904.5652173913043,1036.6829268292684,0.7976320385932922
000083,12,970.6521739130434,635.1219512195122,0.7295430302619934
000083,13,966.5217391304348,803.1219512195122,0.7335622906684875
000083,14,966.5217391304348,934.2439024390244,0.7489370107650757
000083,15,970.6521739130434,233.5609756097561,0.9307673573493958
000083,17,900.4347826086956,233.5609756097561,0.9472224116325378
000084,1,999.5652173913043,266.3414634146342,0.76372230052948
000084,2,867.391304347826,336.0,0.8825845122337341
000084,3,768.2608695652174,336.0,0.7044066786766052
000084,4,598.9130434782609,401.5609756097561,0.8638542890548706
000084,5,669.1304347826086,233.5609756097561,0.8775473237037659
000084,6,966.5217391304348,331.9024390243903,0.7207378149032593
000084,7,1003.695652173913,467.1219512195122,0.7509645223617554
000084,8,1065.6521739130435,602.3414634146342,0.8188754320144653
000084,9,867.391304347826,667.9024390243902,0.7617518901824951
000084,10,900.4347826086956,868.6829268292684,0.802976667881012
000084,11,904.5652173913043,1036.6829268292684,0.8039501309394836
000084,12,970.6521739130434,635.1219512195122,0.7358131408691406
000084,13,966.5217391304348,803.1219512195122,0.7496446371078491
000084,14,966.5217391304348,934.2439024390244,0.7526282668113708
000084,15,970.6521739130434,233.5609756097561,0.9326620697975159
000084,17,900.4347826086956,233.5609756097561,0.9498381018638611
000085,1,999.5652173913043,266.3414634146342,0.7454688549041748
000085,2,867.391304347826,336.0,0.8724052309989929
000085,3,768.2608695652174,336.0,0.7309694886207581
000085,4,603.0434782608695,401.5609756097561,0.868330717086792
000085,5,669.1304347826086,233.5609756097561,0.8677076101303101
000085,6,966.5217391304348,331.9024390243903,0.6930787563323975
000085,7,1003.695652173913,467.1219512195122,0.7429724335670471
000085,8,1065.6521739130435,602.3414634146342,0.8128759860992432
000085,9,867.391304347826,667.9024390243902,0.7591120004653931
000085,10,900.4347826086956,868.6829268292684,0.807055652141571
000085,11,904.5652173913043,1036.6829268292684,0.8075321912765503
000085,12,970.6521739130434,635.1219512195122,0.7287784218788147
000085,13,966.5217391304348,803.1219512195122,0.7330878973007202
000085,14,966.5217391304348,934.2439024390244,0.7454175353050232
000085,15,970.6521739130434,233.5609756097561,0.9320917129516602
000085,17,900.4347826086956,233.5609756097561,0.9427339434623718
000086,1,999.5652173913043,266.3414634146342,0.7394179701805115
000086,2,867.391304347826,336.0,0.8708794116973877
000086,3,768.2608695652174,336.0,0.699682354927063
000086,4,603.0434782608695,401.5609756097561,0.8653772473335266
000086,5,669.1304347826086,237.65853658536585,0.7519788146018982
000086,6,966.5217391304348,331.9024390243903,0.6670620441436768
000086,7,1003.695652173913,467.1219512195122,0.7280516624450684
000086,8,1065.6521739130435,602.3414634146342,0.8079476952552795
000086,9,867.391304347826,667.9024390243902,0.7607173919677734
000086,10,900.4347826086956,868.6829268292684,0.7994250655174255
000086,11,904.5652173913043,1036.6829268292684,0.802861213684082
000086,12,970.6521739130434,635.1219512195122,0.7234156131744385
000086,13,966.5217391304348,803.1219512195122,0.73541659116745
000086,14,966.5217391304348,934.2439024390244,0.7485837936401367
000086,15,970.6521739130434,233.5609756097561,0.9295666217803955
000086,17,900.4347826086956,233.5609756097561,0.9502557516098022
000087,1,999.5652173913043,266.3414634146342,0.7318682074546814
000087,2,867.391304347826,336.0,0.8793817162513733
000087,3,768.2608695652174,336.0,0.702247142791748
000087,4,603.0434782608695,401.5609756097561,0.8752070665359497
000087,5,669.1304347826086,233.5609756097561,0.8421929478645325
000087,6,966.5217391304348,331.9024390243903,0.6746670603752136
000087,7,1003.695652173913,467.1219512195122,0.7305487394332886
000087,8,1065.6521739130435,602.3414634146342,0.8094848990440369
000087,9,867.391304347826,667.9024390243902,0.7514213919639587
000087,10,900.4347826086956,868.6829268292684,0.8012850880622864
000087,11,904.5652173913043,1036.6829268292684,0.8032401204109192
000087,12,970.6521739130434,635.1219512195122,0.7229100465774536
000087,13,966.5217391304348,803.1219512195122,0.7526032328605652
000087,14,966.5217391304348,934.2439024390244,0.7509260773658752
000087,15,970.6521739130434,233.5609756097561,0.9296290278434753
000087,17,900.4347826086956,233.5609756097561,0.9551607370376587
000088,1,999.5652173913043,266.3414634146342,0.7443344593048096
000088,2,867.391304347826,336.0,0.8827865719795227
000088,3,768.2608695652174,336.0,0.7034607529640198
000088,4,598.9130434782609,401.5609756097561,0.8574771285057068
000088,5,669.1304347826086,266.3414634146342,0.8525915741920471
000088,6,966.5217391304348,331.9024390243903,0.6742157340049744
000088,7,1003.695652173913,467.1219512195122,0.7271612286567688
000088,8,1065.6521739130435,602.3414634146342,0.8063110709190369
000088,9,867.391304347826,667.9024390243902,0.7484042048454285
000088,10,900.4347826086956,868.6829268292684,0.8037353754043579
000088,11,904.5652173913043,1036.6829268292684,0.8044155836105347
000088,12,970.6521739130434,635.1219512195122,0.7093438506126404
000088,13,966.5217391304348,803.1219512195122,0.7481640577316284
000088,14,966.5217391304348,934.2439024390244,0.7494357824325562
000088,15,970.6521739130434,233.5609756097561,0.9282650351524353
000088,17,900.4347826086956,233.5609756097561,0.9433586001396179
000089,1,999.5652173913043,266.3414634146342,0.7479490637779236
000089,2,867.391304347826,336.0,0.8741681575775146
000089,3,768.2608695652174,364.6829268292683,0.7151566743850708
000089,4,598.9130434782609,401.5609756097561,0.8579442501068115
000089,5,669.1304347826086,266.3414634146342,0.8872101306915283
000089,6,966.5217391304348,331.9024390243903,0.6801398396492004
000089,7,1003.695652173913,467.1219512195122,0.7292252779006958
000089,8,1065.6521739130435,602.3414634146342,0.8092666864395142
000089,9,867.391304347826,667.9024390243902,0.7446591258049011
000089,10,900.4347826086956,868.6829268292684,0.795394241809845
000089,11,904.5652173913043,1036.6829268292684,0.8084535598754883
000089,12,970.6521739130434,635.1219512195122,0.7069106101989746
000089,13,966.5217391304348,803.1219512195122,0.7654669880867004
000089,14,966.5217391304348,934.2439024390244,0.7559599876403809
000089,15,970.6521739130434,233.5609756097561,0.9309404492378235
000089,17,900.4347826086956,233.5609756097561,0.9406085014343262
000090,1,999.5652173913043,266.3414634146342,0.7605569958686829
000090,2,867.391304347826,336.0,0.882509171962738
000090,3,768.2608695652174,336.0,0.7225760817527771
000090,4,598.9130434782609,401.5609756097561,0.8646682500839233
000090,5,669.1304347826086,266.3414634146342,0.8891865015029907
000090,6,966.5217391304348,331.9024390243903,0.6867864727973938
000090,7,1003.695652173913,467.1219512195122,0.7247207164764404
000090,8,1065.6521739130435,602.3414634146342,0.8040610551834106
000090,9,867.391304347826,667.9024390243902,0.7273895740509033
000090,10,900.4347826086956,868.6829268292684,0.7953270077705383
000090,11,904.5652173913043,1036.6829268292684,0.8040949106216431
000090,12,970.6521739130434,635.1219512195122,0.7074354290962219
000090,13,966.5217391304348,803.1219512195122,0.7723174095153809
000090,14,966.5217391304348,934.2439024390244,0.7579463124275208
000090,15,970.6521739130434,233.5609756097561,0.9273631572723389
000090,17,900.4347826086956,233.5609756097561,0.9593865871429443
000091,1,999.5652173913043,266.3414634146342,0.7813551425933838
000091,2,867.391304347826,331.9024390243903,0.8427233099937439
000091,3,768.2608695652174,336.0,0.7364389300346375
000091,4,598.9130434782609,401.5609756097561,0.8202195763587952
000091,5,665.0,299.1219512195122,0.826167106628418
000091,6,966.5217391304348,303.219512195122,0.7230571508407593
000091,7,1003.695652173913,434.3414634146342,0.7181211709976196
000091,8,1065.6521739130435,602.3414634146342,0.7871412038803101
000091,9,867.391304347826,667.9024390243902,0.7145292162895203
000091,10,900.4347826086956,868.6829268292684,0.7902665138244629
000091,11,904.5652173913043,1036.6829268292684,0.8078250885009766
000091,12,970.6521739130434,635.1219512195122,0.7111392617225647
000091,13,966.5217391304348,803.1219512195122,0.7276979684829712
000091,14,966.5217391304348,934.2439024390244,0.7505786418914795
000091,15,970.6521739130434,233.5609756097561,0.9003939628601074
000091,17,900.4347826086956,233.5609756097561,0.9629141092300415
000092,1,999.5652173913043,266.3414634146342,0.7997487187385559
000092,2,867.391304347826,331.9024390243903,0.7764334082603455
000092,3,768.2608695652174,331.9024390243903,0.7198268175125122
000092,4,598.9130434782609,401.5609756097561,0.7445893883705139
000092,5,665.0,331.9024390243903,0.7958387136459351
000092,6,966.5217391304348,303.219512195122,0.7386311292648315
000092,7,1003.695652173913,434.3414634146342,0.7257898449897766
000092,8,1065.6521739130435,602.3414634146342,0.7818441987037659
000092,9,867.391304347826,667.9024390243902,0.7052279710769653
000092,10,900.4347826086956,868.6829268292684,0.7849247455596924
000092,11,904.5652173913043,1036.6829268292684,0.8059521317481995
000092,12,970.6521739130434,635.1219512195122,0.7128068208694458
000092,13,966.5217391304348,803.1219512195122,0.7112940549850464
000092,14,966.5217391304348,934.2439024390244,0.749614417552948
000092,15,970.6521739130434,233.5609756097561,0.9068983197212219
000092,17,900.4347826086956,233.5609756097561,0.9674325585365295
000093,1,999.5652173913043,266.3414634146342,0.8098946213722229
000093,2,867.391304347826,331.9024390243903,0.7950565218925476
000093,3,768.2608695652174,336.0,0.7377259731292725
000093,4,570.0,434.3414634146342,0.6891074776649475
000093,5,669.1304347826086,368.7804878048781,0.9167619347572327
000093,6,966.5217391304348,303.219512195122,0.7161015272140503
000093,7,1003.695652173913,434.3414634146342,0.7271819710731506
000093,8,1065.6521739130435,602.3414634146342,0.7831921577453613
000093,9,867.391304347826,667.9024390243902,0.701347827911377
000093,10,900.4347826086956,868.6829268292684,0.7834076881408691
000093,11,904.5652173913043,1036.6829268292684,0.8067455291748047
000093,12,970.6521739130434,635.1219512195122,0.7245718240737915
000093,13,966.5217391304348,803.1219512195122,0.7215988039970398
000093,14,966.5217391304348,934.2439024390244,0.7540488243103027
000093,15,970.6521739130434,233.5609756097561,0.920134961605072
000093,17,900.4347826086956,233.5609756097561,0.9564696550369263
000094,1,999.5652173913043,266.3414634146342,0.8696999549865723
000094,2,871.5217391304348,331.9024390243903,0.7113468647003174
000094,3,801.3043478260869,331.9024390243903,0.7366664409637451
000094,4,598.9130434782609,434.3414634146342,0.7480394244194031
000094,5,702.1739130434783,401.5609756097561,0.7782788276672363
000094,6,970.6521739130434,303.219512195122,0.7042431831359863
000094,7,1003.695652173913,467.1219512195122,0.7006339430809021
000094,8,1036.7391304347825,602.3414634146342,0.8134663105010986
000094,9,867.391304347826,635.1219512195122,0.6877263188362122
000094,10,900.4347826086956,868.6829268292684,0.7675591111183167
000094,11,904.5652173913043,1036.6829268292684,0.8021438121795654
000094,12,970.6521739130434,635.1219512195122,0.7505175471305847
000094,13,966.5217391304348,803.1219512195122,0.7698359489440918
000094,14,966.5217391304348,934.2439024390244,0.7655943036079407
000094,15,970.6521739130434,233.5609756097561,0.9043523073196411
000094,17,904.5652173913043,233.5609756097561,0.9124879837036133
000095,1,1003.695652173913,266.3414634146342,0.8712744116783142
000095,2,871.5217391304348,331.9024390243903,0.7298433780670166
000095,3,801.3043478260869,336.0,0.719006359577179
000095,4,603.0434782608695,467.1219512195122,0.7250868678092957
000095,5,702.1739130434783,499.9024390243903,0.9043704867362976
000095,6,970.6521739130434,303.219512195122,0.7158239483833313
000095,7,1003.695652173913,467.1219512195122,0.7127953767776489
000095,8,1036.7391304347825,602.3414634146342,0.8228147029876709
000095,9,867.391304347826,667.9024390243902,0.7168672680854797
000095,10,900.4347826086956,868.6829268292684,0.8069219589233398
000095,11,904.5652173913043,1036.6829268292684,0.7882198095321655
000095,12,970.6521739130434,635.1219512195122,0.7595333456993103
000095,13,966.5217391304348,803.1219512195122,0.7648898363113403
000095,14,966.5217391304348,934.2439024390244,0.7508832812309265
000095,15,970.6521739130434,233.5609756097561,0.8499022126197815
000095,17,904.5652173913043,233.5609756097561,0.8729678988456726
000096,1,1003.695652173913,266.3414634146342,0.8881751894950867
000096,2,871.5217391304348,331.9024390243903,0.7593154311180115
000096,3,801.3043478260869,336.0,0.6866094470024109
000096,4,636.0869565217391,471.219512195122,0.750031590461731
000096,5,735.2173913043478,569.5609756097562,0.8097630739212036
000096,6,970.6521739130434,331.9024390243903,0.6825032830238342
000096,7,1003.695652173913,467.1219512195122,0.722710907459259
000096,8,1036.7391304347825,602.3414634146342,0.8344703316688538
000096,9,867.391304347826,667.9024390243902,0.7006940245628357
000096,10,900.4347826086956,868.6829268292684,0.761886477470398
000096,11,904.5652173913043,1036.6829268292684,0.7847360968589783
000096,12,966.5217391304348,635.1219512195122,0.7662728428840637
000096,13,966.5217391304348,803.1219512195122,0.7528719902038574
000096,14,966.5217391304348,934.2439024390244,0.7207444310188293
000096,15,999.5652173913043,233.5609756097561,0.8756059408187866
000096,17,904.5652173913043,233.5609756097561,0.8072944283485413
000097,1,1003.695652173913,266.3414634146342,0.8706905245780945
000097,2,900.4347826086956,331.9024390243903,0.7902529239654541
000097,3,801.3043478260869,336.0,0.7477653622627258
000097,4,669.1304347826086,504.0,0.7352302074432373
000097,5,735.2173913043478,635.1219512195122,0.7316953539848328
000097,6,970.6521739130434,303.219512195122,0.6449782252311707
000097,7,1003.695652173913,467.1219512195122,0.7251147031784058
000097,8,1036.7391304347825,602.3414634146342,0.8696965575218201
000097,9,867.391304347826,667.9024390243902,0.653249204158783
000097,10,900.4347826086956,868.6829268292684,0.7408719658851624
000097,11,900.4347826086956,1036.6829268292684,0.8178054094314575
000097,12,966.5217391304348,635.1219512195122,0.7499367594718933
000097,13,966.5217391304348,803.1219512195122,0.7002555727958679
000097,14,966.5217391304348,934.2439024390244,0.7229416370391846
000097,15,999.5652173913043,233.5609756097561,0.8771072626113892
000097,17,904.5652173913043,233.5609756097561,0.8324418663978577
000098,1,1003.695652173913,266.3414634146342,0.8540253639221191
000098,2,900.4347826086956,331.9024390243903,0.8011929988861084
000098,3,801.3043478260869,336.0,0.7215743660926819
000098,4,702.1739130434783,536.780487804878,0.7766141295433044
000098,5,768.2608695652174,700.6829268292684,0.8650396466255188
000098,6,970.6521739130434,303.219512195122,0.6508663892745972
000098,7,1003.695652173913,467.1219512195122,0.7066685557365417
000098,8,1036.7391304347825,602.3414634146342,0.8915587663650513
000098,9,867.391304347826,635.1219512195122,0.6244826316833496
000098,10,867.391304347826,868.6829268292684,0.7785762548446655
000098,11,900.4347826086956,1036.6829268292684,0.7719340920448303
000098,12,966.5217391304348,635.1219512195122,0.7279863357543945
000098,13,966.5217391304348,803.1219512195122,0.7157155871391296
000098,14,937.6086956521739,934.2439024390244,0.7115112543106079
000098,15,999.5652173913043,233.5609756097561,0.883894681930542
000098,17,904.5652173913043,233.5609756097561,0.8394139409065247
000099,1,1003.695652173913,266.3414634146342,0.8697764873504639
000099,2,900.4347826086956,336.0,0.7873779535293579
000099,3,801.3043478260869,336.0,0.6741619110107422
000099,4,702.1739130434783,565.4634146341464,0.6935371160507202
000099,5,801.3043478260869,733.4634146341464,0.8652833104133606
000099,6,970.6521739130434,303.219512195122,0.6564847230911255
000099,7,1003.695652173913,467.1219512195122,0.7117995619773865
000099,8,1036.7391304347825,602.3414634146342,0.9146279096603394
000099,9,834.3478260869565,635.1219512195122,0.6623119115829468
000099,10,867.391304347826,868.6829268292684,0.7754228115081787
000099,11,871.5217391304348,1032.5853658536585,0.6913283467292786
000099,12,966.5217391304348,635.1219512195122,0.6774338483810425
000099,13,937.6086956521739,803.1219512195122,0.6832061409950256
000099,14,937.6086956521739,934.2439024390244,0.7092206478118896
000099,15,999.5652173913043,233.5609756097561,0.8583149909973145
000099,17,904.5652173913043,233.5609756097561,0.8372712731361389
000100,1,1003.695652173913,266.3414634146342,0.9284181594848633
000100,2,871.5217391304348,336.0,0.8042147159576416
000100,3,768.2608695652174,364.6829268292683,0.669295072555542
000100,4,735.2173913043478,565.4634146341464,0.79372239112854
000100,5,801.3043478260869,733.4634146341464,0.857676088809967
000100,6,970.6521739130434,303.219512195122,0.672593355178833
000100,7,1003.695652173913,467.1219512195122,0.7200204730033875
000100,8,1036.7391304347825,602.3414634146342,0.9247772097587585
000100,9,834.3478260869565,635.1219512195122,0.7054539322853088
000100,10,867.391304347826,835.9024390243902,0.7347109913825989
000100,11,867.391304347826,1003.9024390243902,0.8136336207389832
000100,12,966.5217391304348,635.1219512195122,0.6348137259483337
000100,13,937.6086956521739,803.1219512195122,0.7608166337013245
000100,14,966.5217391304348,934.2439024390244,0.7578353881835938
000100,15,970.6521739130434,233.5609756097561,0.841037392616272
000100,17,900.4347826086956,233.5609756097561,0.8712950944900513
000101,1,999.5652173913043,266.3414634146342,0.9105002880096436
000101,2,867.391304347826,336.0,0.8288952708244324
000101,3,768.2608695652174,364.6829268292683,0.7381064295768738
000101,4,735.2173913043478,536.780487804878,0.7237528562545776
000101,5,801.3043478260869,704.780487804878,0.820749819278717
000101,6,970.6521739130434,331.9024390243903,0.7368895411491394
000101,7,1003.695652173913,467.1219512195122,0.7460029721260071
000101,8,1036.7391304347825,602.3414634146342,0.9014315009117126
000101,9,838.4782608695651,635.1219512195122,0.6431006193161011
000101,10,838.4782608695651,835.9024390243902,0.7272578477859497
000101,11,834.3478260869565,1003.9024390243902,0.8177551031112671
000101,12,966.5217391304348,635.1219512195122,0.6729542016983032
000101,13,937.6086956521739,803.1219512195122,0.7697712182998657
000101,14,966.5217391304348,934.2439024390244,0.7537856101989746
000101,15,970.6521739130434,233.5609756097561,0.8813954591751099
000101,17,900.4347826086956,266.3414634146342,0.8387807011604309
000102,1,970.6521739130434,266.3414634146342,0.8578566908836365
000102,2,867.391304347826,336.0,0.828051745891571
000102,3,768.2608695652174,368.7804878048781,0.8209383487701416
000102,4,735.2173913043478,536.780487804878,0.7424067258834839
000102,5,801.3043478260869,700.6829268292684,0.9106250405311584
000102,6,970.6521739130434,331.9024390243903,0.742320716381073
000102,7,1003.695652173913,467.1219512195122,0.7275015115737915
000102,8,1036.7391304347825,602.3414634146342,0.8632283806800842
000102,9,838.4782608695651,635.1219512195122,0.6442021131515503
000102,10,834.3478260869565,835.9024390243902,0.8090039491653442
000102,11,834.3478260869565,971.1219512195122,0.8221828937530518
000102,12,966.5217391304348,635.1219512195122,0.6791964769363403
000102,13,937.6086956521739,803.1219512195122,0.78432297706604
000102,14,966.5217391304348,934.2439024390244,0.7757264375686646
000102,15,966.5217391304348,233.5609756097561,0.8290171027183533
000102,17,871.5217391304348,266.3414634146342,0.8209803104400635
000103,1,970.6521739130434,266.3414634146342,0.9026933908462524
000103,2,867.391304347826,336.0,0.7997653484344482
000103,3,768.2608695652174,368.7804878048781,0.7678509950637817
000103,4,735.2173913043478,536.780487804878,0.7976526021957397
000103,5,801.3043478260869,700.6829268292684,0.8480422496795654
000103,6,966.5217391304348,331.9024390243903,0.7096097469329834
000103,7,1003.695652173913,434.3414634146342,0.7652697563171387
000103,8,1036.7391304347825,598.2439024390244,0.8496620059013367
000103,9,834.3478260869565,635.1219512195122,0.6969814896583557
000103,10,834.3478260869565,803.1219512195122,0.7598327994346619
000103,11,801.3043478260869,938.3414634146342,0.7685843110084534
000103,12,966.5217391304348,635.1219512195122,0.6441769003868103
000103,13,937.6086956521739,803.1219512195122,0.777701735496521
000103,14,966.5217391304348,934.2439024390244,0.7760871648788452
000103,15,937.6086956521739,266.3414634146342,0.8054001331329346
000103,17,867.391304347826,266.3414634146342,0.9455434679985046
000104,1,966.5217391304348,266.3414634146342,0.7994210124015808
000104,2,867.391304347826,336.0,0.777180552482605
000104,3,735.2173913043478,368.7804878048781,0.7541869878768921
000104,4,735.2173913043478,536.780487804878,0.7138739824295044
000104,5,768.2608695652174,700.6829268292684,0.8660858273506165
000104,6,966.5217391304348,303.219512195122,0.7533496022224426
000104,7,1003.695652173913,434.3414634146342,0.7897786498069763
000104,8,1036.7391304347825,569.5609756097562,0.8295260071754456
000104,9,834.3478260869565,635.1219512195122,0.7441929578781128
000104,10,834.3478260869565,803.1219512195122,0.8257977366447449
000104,11,801.3043478260869,934.2439024390244,0.8442120552062988
000104,12,966.5217391304348,602.3414634146342,0.6140913367271423
000104,13,937.6086956521739,803.1219512195122,0.7619003057479858
000104,14,966.5217391304348,934.2439024390244,0.7815223932266235
000104,15,933.4782608695651,266.3414634146342,0.9184141159057617
000104,16,937.6086956521739,266.3414634146342,0.2903847098350525
000104,17,834.3478260869565,266.3414634146342,0.8940591216087341
000105,1,933.4782608695651,266.3414634146342,0.8644442558288574
000105,2,834.3478260869565,336.0,0.8255104422569275
000105,3,735.2173913043478,368.7804878048781,0.8023203015327454
000105,4,702.1739130434783,536.780487804878,0.7794627547264099
000105,5,768.2608695652174,700.6829268292684,0.872468888759613
000105,6,966.5217391304348,299.1219512195122,0.754317581653595
000105,7,1003.695652173913,434.3414634146342,0.742438554763794
000105,8,1036.7391304347825,598.2439024390244,0.8238576054573059
000105,9,834.3478260869565,635.1219512195122,0.7589226961135864
000105,10,834.3478260869565,803.1219512195122,0.7257360816001892
000105,11,801.3043478260869,905.5609756097562,0.8323800563812256
000105,12,937.6086956521739,602.3414634146342,0.6500078439712524
000105,13,937.6086956521739,799.0243902439024,0.7814158201217651
000105,14,966.5217391304348,934.2439024390244,0.8030908107757568
000105,15,900.4347826086956,266.3414634146342,0.9438821077346802
000105,16,933.4782608695651,233.5609756097561,0.5760704874992371
000105,17,834.3478260869565,266.3414634146342,0.8134769201278687
000106,1,900.4347826086956,299.1219512195122,0.8186640739440918
000106,2,834.3478260869565,336.0,0.8910546898841858
000106,3,735.2173913043478,368.7804878048781,0.829646646976471
000106,4,702.1739130434783,532.6829268292684,0.8672318458557129
000106,5,768.2608695652174,667.9024390243902,0.8543476462364197
000106,6,937.6086956521739,299.1219512195122,0.8080041408538818
000106,7,1003.695652173913,434.3414634146342,0.7680193185806274
000106,8,1036.7391304347825,598.2439024390244,0.8085907101631165
000106,9,834.3478260869565,635.1219512195122,0.7326632142066956
000106,10,801.3043478260869,803.1219512195122,0.8089008927345276
000106,11,801.3043478260869,901.4634146341464,0.785265326499939
000106,12,937.6086956521739,602.3414634146342,0.6797995567321777
000106,13,937.6086956521739,799.0243902439024,0.786859929561615
000106,14,966.5217391304348,934.2439024390244,0.7967286705970764
000106,15,871.5217391304348,266.3414634146342,0.8793721795082092
000106,16,904.5652173913043,266.3414634146342,0.6825767755508423
000106,17,801.3043478260869,266.3414634146342,0.9236774444580078
000107,1,871.5217391304348,299.1219512195122,0.8190093636512756
000107,2,834.3478260869565,331.9024390243903,0.8573678135871887
000107,3,735.2173913043478,364.6829268292683,0.745393693447113
000107,4,702.1739130434783,532.6829268292684,0.8237905502319336
000107,5,768.2608695652174,667.9024390243902,0.865718424320221
000107,6,933.4782608695651,299.1219512195122,0.843022882938385
000107,7,1003.695652173913,434.3414634146342,0.8167367577552795
000107,8,1036.7391304347825,598.2439024390244,0.807117760181427
000107,9,801.3043478260869,635.1219512195122,0.659916341304779
000107,10,801.3043478260869,803.1219512195122,0.8142718076705933
000107,11,801.3043478260869,868.6829268292684,0.7651934623718262
000107,12,937.6086956521739,602.3414634146342,0.7325708866119385
000107,13,937.6086956521739,803.1219512195122,0.7902076840400696
000107,14,966.5217391304348,934.2439024390244,0.7971746921539307
000107,15,867.391304347826,266.3414634146342,0.7995561957359314
000107,16,900.4347826086956,266.3414634146342,0.7688149213790894
000107,17,768.2608695652174,266.3414634146342,0.8633208870887756
000108,1,834.3478260869565,299.1219512195122,0.8915057182312012
000108,2,834.3478260869565,331.9024390243903,0.7718077898025513
000108,3,702.1739130434783,364.6829268292683,0.7851687073707581
000108,4,702.1739130434783,504.0,0.8369463682174683
000108,5,768.2608695652174,635.1219512195122,0.884653627872467
000108,6,933.4782608695651,299.1219512195122,0.8096591234207153
000108,7,1003.695652173913,434.3414634146342,0.7412872910499573
000108,8,1036.7391304347825,602.3414634146342,0.8749797940254211
000108,9,801.3043478260869,635.1219512195122,0.7413662075996399
000108,10,801.3043478260869,803.1219512195122,0.8064276576042175
000108,11,801.3043478260869,868.6829268292684,0.7934778928756714
000108,12,933.4782608695651,602.3414634146342,0.7495976090431213
000108,13,933.4782608695651,799.0243902439024,0.7940460443496704
000108,14,966.5217391304348,934.2439024390244,0.8054280281066895
000108,15,801.3043478260869,270.4390243902439,0.7924075126647949
000108,16,867.391304347826,266.3414634146342,0.8750630617141724
000108,17,735.2173913043478,266.3414634146342,0.8946406841278076
